Location (um) - Load	Load (gm) - Load	Location (um) - Top view	Diameter (um) - Top view	Location (um) - Side view	Diameter (um) - Side view	
840	12.2	18	128.3	18	132.1	
891	10.6	48	128.3	48	132.1	
932	10.6	109	129.4	109	132.1	
953	9.4	139	129.4	139	132.1	
995	10.6	169	129.4	169	132.1	
1036	7.2	199	129.4	199	132.1	
1088	9.4	259	129.4	259	132.1	
1130	9.4	289	128.3	289	132.1	
1151	8.9	319	128.3	319	131.0	
1194	8.9	349	129.4	349	132.1	
1236	9.4	409	129.4	409	131.0	
1289	9.4	439	129.4	439	132.1	
1332	9.4	469	129.4	469	132.1	
1353	10.0	499	129.4	499	132.1	
1397	8.3	559	128.3	559	133.1	
1440	9.4	589	129.4	589	132.1	
1494	8.9	619	128.3	619	133.1	
1549	9.4	679	129.4	679	131.0	
1604	7.2	709	129.4	709	132.1	
1648	10.0	739	129.4	739	131.0	
1703	9.4	769	129.4	769	132.1	
1759	8.3	830	129.4	830	131.0	
1804	7.8	860	128.3	860	130.9	
1826	10.0	890	128.3	890	130.9	
1860	9.4	920	126.1	920	130.9	
1916	9.4	980	126.1	980	128.7	
1973	7.2	1010	123.9	1010	126.5	
2019	8.9	1040	121.7	1040	124.2	
2042	10.0	1070	119.5	1070	122.0	
2076	13.3	1130	116.1	1130	118.7	
2134	7.8	1160	113.9	1160	116.4	
2192	8.9	1190	111.7	1190	114.2	
2239	8.3	1250	110.6	1250	113.0	
2263	9.4	1280	109.5	1280	112.0	
2298	8.9	1310	111.7	1310	113.1	
2357	8.3	1340	112.8	1340	115.3	
2416	8.3	1400	115.0	1400	118.6	
2464	11.7	1430	117.2	1430	119.8	
2488	8.3	1460	119.5	1460	123.1	
2524	11.1	1490	122.8	1490	125.3	
2585	10.0	1551	123.9	1551	126.5	
2645	7.2	1581	125.0	1581	127.6	
2694	11.1	1611	125.0	1611	128.7	
2756	8.9	1671	126.1	1671	128.7	
2817	10.0	1701	125.0	1701	128.7	
2879	6.1	1731	125.0	1731	128.7	
2929	10.0	1761	126.1	1761	127.6	
2992	9.4	1821	125.0	1821	127.6	
3018	8.9	1851	125.0	1851	127.6	
3056	8.9	1881	123.9	1881	127.6	
3120	11.7	1911	123.9	1911	126.5	
3171	12.8	1971	123.9	1971	126.5	
3236	9.4	2001	122.8	2001	125.4	
3262	9.4	2031	122.8	2031	125.4	
3301	9.4	2091	121.7	2091	124.3	
3366	11.1	2121	121.7	2121	124.2	
3419	11.7	2151	121.7	2151	124.2	
3485	10.0	2181	120.6	2181	124.2	
3511	10.0	2242	120.6	2242	123.2	
3551	10.6	2272	120.6	2272	123.1	
3619	8.3	2302	118.4	2302	122.0	
3673	6.7	2332	118.4	2332	122.0	
3741	10.0	2392	118.4	2392	122.0	
3810	10.6	2422	118.4	2422	120.9	
3865	5.0	2452	118.3	2452	120.9	
3892	10.0	2482	117.3	2482	120.9	
3948	8.9	2542	117.2	2542	120.9	
4004	10.0	2572	117.2	2572	119.8	
4075	11.1	2602	117.2	2602	118.7	
4132	10.0	2632	116.2	2632	118.7	
4160	15.0	2692	116.1	2692	118.7	
4218	9.4	2722	116.1	2722	118.6	
4275	8.3	2752	116.1	2752	118.6	
4348	8.3	2812	115.1	2812	118.6	
4406	11.7	2842	115.0	2842	118.6	
4436	11.7	2872	115.0	2872	118.6	
4495	11.1	2902	115.0	2902	117.6	
4555	10.6	2962	115.0	2962	117.5	
4630	8.3	2993	115.0	2993	117.5	
4690	8.9	3023	112.9	3023	116.4	
4720	10.6	3053	112.8	3053	116.4	
4781	8.9	3113	112.8	3113	115.3	
4843	11.7	3143	112.8	3143	115.3	
4920	11.7	3173	112.8	3173	115.3	
4998	10.0	3203	111.7	3203	115.3	
5061	12.8	3263	110.6	3263	114.2	
5093	8.9	3293	110.6	3293	113.1	
5141	10.0	3323	109.5	3323	113.0	
5221	8.9	3383	109.5	3383	113.0	
5302	12.2	3413	109.5	3413	113.0	
5367	10.6	3443	109.5	3443	112.0	
5400	8.9	3473	109.5	3473	110.9	
5449	10.0	3533	108.4	3533	110.8	
5533	8.3	3563	107.3	3563	110.8	
5616	11.7	3593	107.3	3593	110.8	
5684	10.0	3623	107.3	3623	110.8	
5718	10.0	3684	107.3	3684	110.8	
5770	11.7	3714	107.3	3714	108.7	
5856	7.8	3744	106.2	3744	108.6	
5943	8.9	3774	106.2	3774	108.6	
6014	11.1	3834	105.1	3834	108.6	
6049	9.4	3864	105.1	3864	108.6	
6103	8.3	3894	105.1	3894	107.5	
6193	10.6	3954	104.0	3954	107.5	
6283	10.6	3984	102.9	3984	106.4	
6357	11.7	4014	102.9	4014	106.3	
6450	10.6	4044	102.9	4044	106.3	
6544	11.1	4104	102.9	4104	105.3	
6639	7.8	4134	102.9	4134	105.3	
6716	8.3	4164	101.8	4164	105.2	
6813	10.0	4194	101.8	4194	105.2	
6911	11.1	4254	101.8	4254	105.2	
7011	12.2	4285	101.8	4285	104.2	
7091	10.0	4315	101.8	4315	105.2	
7193	11.1	4345	101.8	4345	104.1	
7234	8.9	4405	101.8	4405	104.1	
7296	10.0	4435	100.7	4435	104.2	
7401	10.0	4465	100.7	4465	103.0	
7486	11.1	4525	100.7	4525	103.0	
7593	8.9	4555	100.7	4555	103.0	
7637	10.0	4585	100.7	4585	103.0	
7702	8.9	4615	100.7	4615	103.0	
7813	7.2	4675	99.6	4675	103.0	
7903	8.9	4705	98.5	4705	101.9	
8017	8.3	4735	98.5	4735	101.9	
8132	10.6	4765	98.5	4765	100.8	
8250	11.7	4825	98.5	4825	100.8	
8369	11.1	4855	98.5	4855	100.8	
8466	10.6	4885	97.4	4885	100.8	
8589	8.3	4915	96.3	4915	99.7	
8689	9.4	4975	96.3	4975	99.7	
8739	9.4	5006	96.3	5006	98.6	
8842	8.3	5036	96.3	5036	98.5	
8946	10.6	5096	96.3	5096	98.5	
9078	11.7	5126	95.2	5126	98.5	
9185	11.1	5156	94.1	5156	98.5	
9240	10.6	5186	94.1	5186	96.4	
9350	11.7	5246	94.1	5246	96.4	
9462	7.8	5276	94.1	5276	96.3	
9605	9.4	5306	94.1	5306	96.3	
9721	12.8	5336	94.1	5336	96.3	
9780	7.2	5396	93.0	5396	96.3	
9900	10.0	5426	93.0	5426	96.3	
10023	11.7	5456	93.0	5456	96.3	
10179	13.3	5486	91.9	5486	96.3	
10339	10.6	5546	91.9	5546	94.1	
10470	11.7	5576	91.9	5576	94.1	
10537	8.9	5606	91.9	5606	94.1	
10638	8.9	5636	90.8	5636	94.1	
10811	10.0	5696	89.6	5696	93.0	
10989	11.1	5726	89.6	5726	92.9	
11136	10.6	5757	89.6	5757	91.8	
11211	9.4	5817	88.6	5817	91.8	
11325	8.9	5847	87.4	5847	90.7	
11520	9.4	5877	87.4	5877	90.7	
11722	10.0	5907	87.4	5907	89.6	
11889	7.2	5967	86.3	5967	88.5	
11975	8.9	5997	86.3	5997	88.5	
12106	8.3	6027	85.2	6027	88.5	
12333	8.3	6087	84.1	6087	87.4	
12570	11.1	6117	84.1	6117	86.3	
12767	8.3	6147	84.1	6147	86.3	
12869	10.6	6177	84.1	6177	86.2	
13026	8.9	6237	83.0	6237	86.2	
13299	11.1	6267	83.0	6267	86.2	
13590	8.3	6297	83.0	6297	85.2	
13836	11.7	6327	83.0	6327	85.2	
14165	8.9	6387	83.0	6387	85.2	
14521	10.0	6417	83.0	6417	85.2	
14910	12.2	6448	83.0	6448	86.2	
15252	10.6	6478	81.9	6478	86.2	
15728	8.9	6538	81.9	6538	86.2	
16226	8.3	6568	82.0	6568	86.2	
16724	8.9	6598	83.0	6598	86.2	
17122	10.0	6628	83.0	6628	86.2	
17620	8.9	6688	83.0	6688	86.2	
17815	8.9	6718	83.0	6718	86.2	
18086	9.4	6748	83.0	6748	86.2	
18496	8.9	6778	83.0	6778	86.2	
18795	11.1	6838	83.0	6838	86.2	
19140	8.9	6868	81.9	6868	86.2	
19270	10.6	6898	81.9	6898	85.2	
19458	9.4	6958	81.9	6958	84.1	
19755	11.1	6988	81.9	6988	84.0	
19980	10.6	7018	80.8	7018	84.0	
20246	10.0	7048	79.7	7048	83.0	
20348	8.9	7108	79.7	7108	82.9	
20497	11.7	7138	79.7	7138	81.8	
20737	10.6	7168	78.6	7168	81.8	
20921	8.9	7229	78.6	7229	80.7	
21142	8.3	7259	77.5	7259	80.7	
21353	7.2	7289	77.5	7289	79.6	
21517	10.0	7319	76.4	7319	79.5	
21597	11.1	7349	76.4	7349	79.5	
21753	8.9	7409	76.4	7409	79.5	
21905	8.9	7439	76.4	7439	78.5	
22090	10.0	7469	75.3	7469	78.5	
22233	8.9	7529	75.3	7529	78.4	
22304	11.1	7559	75.3	7559	77.4	
22443	10.0	7589	74.2	7589	77.3	
22578	9.4	7619	74.2	7619	77.3	
22742	10.0	7679	74.2	7679	77.3	
22871	9.4	7709	74.2	7709	77.3	
22934	10.0	7739	74.2	7739	77.3	
23059	9.4	7800	74.2	7800	77.3	
23181	11.1	7830	74.2	7830	77.3	
23331	10.0	7860	74.2	7860	77.3	
23448	10.6	7890	74.2	7890	77.3	
23506	9.4	7920	74.2	7920	77.3	
23620	10.6	7980	74.2	7980	77.3	
23732	10.6	8010	74.2	8010	76.2	
23869	10.6	8040	73.1	8040	76.2	
24004	10.0	8100	73.1	8100	76.2	
24109	9.4	8130	73.1	8130	76.2	
24162	8.3	8160	73.1	8160	75.1	
24239	10.0	8190	73.1	8190	75.1	
24367	10.0	8250	72.0	8250	75.1	
24492	10.0	8280	72.0	8280	75.1	
24591	8.9	8310	70.9	8310	74.0	
24640	10.6	8340	70.9	8340	74.0	
24712	10.6	8401	70.9	8401	72.9	
24831	8.9	8431	70.9	8431	72.9	
24948	11.7	8461	69.8	8461	72.8	
25041	11.1	8521	69.8	8521	72.8	
25087	7.2	8551	69.8	8551	71.8	
25155	8.9	8581	68.7	8581	71.7	
25267	8.3	8611	68.7	8611	71.7	
25377	8.9	8671	71.0	8671	69.6	
25465	11.1	8701	67.6	8701	71.7	
25508	10.0	8731	67.6	8731	70.6	
25572	10.0	8761	67.6	8761	69.6	
25678	10.6	8821	67.6	8821	69.5	
25783	9.4	8851	67.6	8851	69.5	
25865	8.3	8881	66.5	8881	69.5	
25967	9.4	8941	65.4	8941	69.5	
26068	8.9	8971	65.4	8971	69.5	
26167	10.0	9001	65.4	9001	68.4	
26246	10.0	9032	65.4	9032	67.3	
26343	9.4	9092	65.4	9092	67.3	
26382	11.1	9122	63.2	9122	67.2	
26439	10.6	9152	63.1	9152	67.2	
26534	11.1	9182	63.1	9182	65.1	
26609	10.0	9242	63.1	9242	65.0	
26702	10.0	9272	62.1	9272	65.0	
26739	8.3	9302	61.0	9302	64.0	
26793	9.4	9332	60.9	9332	63.9	
26884	11.1	9392	59.9	9392	62.8	
26956	10.0	9422	59.8	9422	62.8	
27045	10.0	9452	59.8	9452	62.8	
27080	7.8	9482	59.8	9482	62.8	
27133	9.4	9542	58.8	9542	60.6	
27220	8.9	9572	57.6	9572	60.6	
27289	10.0	9602	57.6	9602	60.6	
27374	9.4	9662	57.6	9662	60.5	
27459	11.7	9692	57.6	9692	60.5	
27543	12.8	9722	56.5	9722	59.5	
27609	10.6	9753	55.4	9753	58.4	
27691	10.0	9813	55.4	9813	58.3	
27773	8.9	9843	55.4	9843	58.3	
27837	11.1	9873	55.4	9873	58.3	
27870	9.4	9903	55.4	9903	58.3	
27933	7.8	9963	54.3	9963	58.3	
27997	7.8	9993	54.3	9993	57.2	
28076	9.4	10023	54.3	10023	56.2	
28138	8.9	10053	54.3	10053	56.2	
28169	12.8	10113	54.3	10113	56.1	
28231	12.2	10143	54.3	10143	57.2	
28292	9.4	10173	54.3	10173	56.1	
28368	11.7	10233	54.3	10233	56.1	
28429	8.3	10263	54.3	10263	56.1	
28459	9.4	10293	54.3	10293	56.1	
28518	6.7	10323	54.3	10323	56.1	
28578	11.1	10384	54.3	10384	56.1	
28651	8.9	10414	53.2	10414	56.1	
28710	7.8	10444	53.2	10444	55.1	
28782	8.3	10474	53.2	10474	55.0	
28811	7.2	10534	53.2	10534	55.0	
28855	8.9	10564	53.2	10564	55.0	
28926	10.0	10594	53.2	10594	55.0	
28997	9.4	10624	53.2	10624	56.1	
29053	9.4	10684	53.2	10684	56.1	
29081	7.8	10714	53.2	10714	56.1	
29123	8.9	10744	53.2	10744	56.1	
29193	12.2	10804	54.3	10804	56.2	
29261	7.2	10834	54.3	10834	56.1	
29316	7.8	10864	54.3	10864	56.2	
29344	10.6	10894	54.3	10894	56.2	
29384	9.4	10954	54.3	10954	57.2	
29452	9.4	10984	54.3	10984	57.2	
29519	10.6	11015	54.3	11015	57.2	
29572	9.4	11045	54.3	11045	57.2	
29599	9.4	11105	54.3	11105	57.2	
29638	9.4	11135	54.3	11135	56.1	
29704	10.6	11165	53.2	11165	56.1	
29769	9.4	11195	53.2	11195	56.1	
29821	10.0	11255	53.2	11255	56.1	
29886	11.7	11285	53.2	11285	56.1	
29950	8.9	11315	53.2	11315	55.0	
30013	10.6	11375	53.2	11375	55.0	
30064	11.1	11405	52.1	11405	55.0	
30127	9.4	11435	52.1	11435	55.0	
30189	9.4	11465	51.0	11465	53.9	
30251	8.3	11525	51.0	11525	53.9	
30300	8.9	11555	51.0	11555	52.8	
30362	11.1	11585	51.0	11585	52.7	
30386	9.4	11615	49.9	11615	52.7	
30423	8.3	11675	49.9	11675	52.7	
30483	8.9	11705	49.9	11705	52.7	
30532	8.9	11736	48.8	11736	51.7	
30591	8.9	11766	48.8	11766	50.6	
30615	11.1	11826	47.7	11826	50.5	
30651	10.0	11856	47.7	11856	50.5	
30711	10.0	11886	47.7	11886	50.5	
30758	9.4	11916	47.7	11916	50.5	
30816	10.0	11976	46.6	11976	50.5	
30875	12.8	12006	46.6	12006	50.5	
30921	10.0	12036	46.6	12036	50.5	
30944	11.7	12096	46.6	12096	48.4	
30990	10.6	12126	46.6	12126	49.4	
31036	7.8	12156	46.6	12156	48.3	
31093	8.3	12186	46.6	12186	48.3	
31138	11.7	12246	46.6	12246	48.3	
31161	11.1	12276	45.5	12276	48.3	
31206	7.8	12306	45.5	12306	48.3	
31251	7.2	12336	45.5	12336	48.3	
31307	7.8	12397	45.5	12397	48.3	
31351	9.4	12427	45.5	12427	48.3	
31373	11.1	12457	45.5	12457	48.3	
31417	11.7	12517	45.5	12517	47.2	
31461	8.9	12547	44.4	12547	46.1	
31516	10.6	12577	44.4	12577	46.1	
31560	11.1	12607	43.3	12607	46.1	
31581	6.7	12667	43.3	12667	46.1	
31625	9.4	12697	43.3	12697	46.0	
31668	8.3	12727	43.3	12727	46.0	
31722	10.0	12757	43.3	12757	46.0	
31775	10.6	12817	43.3	12817	46.0	
31817	8.9	12847	43.3	12847	43.9	
31839	7.8	12877	42.2	12877	43.9	
31870	10.0	12937	42.2	12937	43.8	
31923	8.3	12967	41.1	12967	43.8	
31975	10.0	12997	41.1	12997	43.8	
32017	7.2	13027	41.1	13027	43.8	
32038	9.4	13058	41.1	13058	43.8	
32069	10.0	13118	40.0	13118	41.6	
32121	10.0	13148	38.9	13148	41.6	
32172	10.0	13178	38.9	13178	41.6	
32213	7.8	13238	38.9	13238	41.6	
32233	13.3	13268	38.9	13268	41.6	
32264	11.1	13298	38.9	13298	41.6	
32315	9.4	13328	38.9	13328	41.6	
32365	10.6	13388	37.8	13388	40.5	
32405	10.6	13418	37.8	13418	39.4	
		13448	36.7	13448	39.4	
		13508	36.7	13508	39.4	
		13538	36.7	13538	39.3	
		13568	36.7	13568	39.3	
		13598	36.7	13598	39.3	
		13658	36.7	13658	39.3	
		13688	36.7	13688	39.3	
		13718	36.7	13718	39.3	
		13749	36.7	13749	39.3	
		13809	36.7	13809	38.3	
		13839	35.6	13839	38.3	
		13869	36.7	13869	39.3	
		13899	35.5	13899	39.3	
		13959	35.6	13959	39.3	
		13989	36.7	13989	38.3	
		14019	35.5	14019	38.3	
		14079	35.5	14079	38.3	
		14109	35.5	14109	38.3	
		14139	35.6	14139	38.2	
		14169	35.6	14169	37.2	
		14199	35.5	14199	37.2	
		14259	35.6	14259	37.2	
		14289	35.5	14289	37.2	
		14319	35.5	14319	37.2	
		14379	35.5	14379	37.2	
		14410	35.5	14410	37.2	
		14440	35.5	14440	37.2	
		14470	35.5	14470	37.1	
		14530	35.5	14530	37.1	
		14560	35.5	14560	37.1	
		14590	35.5	14590	37.1	
		14620	35.5	14620	37.1	
		14680	35.5	14680	37.1	
		14710	34.5	14710	37.1	
		14740	34.4	14740	37.1	
		14770	34.4	14770	37.1	
		14830	33.3	14830	37.1	
		14860	33.3	14860	36.0	
		14890	33.4	14890	36.0	
		14950	33.3	14950	36.0	
		14980	32.3	14980	34.9	
		15010	32.3	15010	36.0	
		15040	32.2	15040	34.9	
		15101	32.2	15101	34.9	
		15131	32.2	15131	34.9	
		15161	32.2	15161	34.9	
		15221	32.2	15221	34.9	
		15251	32.2	15251	34.9	
		15281	32.2	15281	34.9	
		15311	31.1	15311	34.9	
		15371	32.2	15371	33.8	
		15401	31.1	15401	33.8	
		15431	31.1	15431	33.7	
		15461	31.1	15461	32.7	
		15521	31.1	15521	32.6	
		15551	30.0	15551	32.6	
		15581	28.9	15581	32.6	
		15611	30.0	15611	32.6	
		15671	28.9	15671	32.6	
		15701	28.9	15701	30.5	
		15731	28.9	15731	30.4	
		15791	28.9	15791	30.4	
		15821	28.9	15821	30.4	
		15852	28.9	15852	30.4	
		15882	27.8	15882	30.4	
		15942	26.7	15942	30.4	
		15972	26.7	15972	30.4	
		16002	26.7	16002	30.4	
		16032	26.7	16032	30.4	
		16092	26.7	16092	29.3	
		16122	26.7	16122	29.3	
		16152	26.7	16152	28.2	
		16182	26.7	16182	28.2	
		16242	26.7	16242	28.2	
		16272	26.7	16272	28.2	
		16302	26.7	16302	28.2	
		16332	26.7	16332	28.2	
		16392	26.7	16392	28.2	
		16422	25.6	16422	28.1	
		16452	25.6	16452	28.1	
		16512	24.5	16512	28.1	
		16542	24.5	16542	28.1	
		16572	25.6	16572	28.1	
		16602	24.5	16602	28.1	
		16663	24.5	16663	28.1	
		16693	24.5	16693	28.1	
		16723	24.5	16723	28.1	
		16753	24.5	16753	28.1	
		16813	23.4	16813	27.1	
		16843	24.5	16843	27.0	
		16873	24.5	16873	27.0	
		16903	24.5	16903	26.0	
		16963	23.4	16963	26.0	
		16993	23.4	16993	25.9	
		17023	23.4	17023	26.0	
		17083	23.4	17083	25.9	
		17113	23.4	17113	25.9	
		17143	23.4	17143	25.9	
		17173	23.4	17173	27.0	
		17233	23.4	17233	27.0	
		17263	23.4	17263	27.0	
		17293	23.4	17293	26.0	
		17323	23.4	17323	25.9	
		17383	22.3	17383	25.9	
		17413	23.4	17413	24.8	
		17443	22.3	17443	23.8	
		17473	22.3	17473	24.9	
		17534	22.3	17534	23.8	
		17564	22.3	17564	23.8	
		17594	22.3	17594	23.8	
		17654	22.3	17654	23.8	
		17684	22.3	17684	23.7	
		17714	22.3	17714	23.7	
		17744	23.4	17744	23.7	
		17804	22.3	17804	23.7	
		17834	22.3	17834	23.7	
		17864	22.3	17864	23.7	
		17924	22.3	17924	24.8	
		17954	22.3	17954	24.8	
		17984	22.3	17984	24.8	
		18014	21.2	18014	24.8	
		18044	22.3	18044	24.8	
		18104	21.2	18104	24.8	
		18134	22.3	18134	24.8	
		18165	21.2	18165	23.8	
		18225	21.2	18225	23.7	
		18255	21.2	18255	23.7	
		18285	21.2	18285	22.7	
		18315	21.2	18315	22.7	
		18375	21.2	18375	22.7	
		18405	21.2	18405	22.6	
		18435	21.2	18435	22.6	
		18465	21.2	18465	22.6	
		18525	21.2	18525	22.6	
		18555	21.2	18555	22.6	
		18585	21.2	18585	22.6	
		18615	21.2	18615	22.6	
		18675	21.2	18675	22.6	
		18705	21.2	18705	22.6	
		18735	20.1	18735	22.6	
		18795	21.2	18795	22.6	
		18826	21.2	18826	22.6	
		18856	20.1	18856	22.6	
		18886	21.2	18886	22.6	
		18946	20.1	18946	22.6	
		18976	21.2	18976	22.6	
		19006	21.2	19006	22.6	
		19036	21.2	19036	22.6	
		19096	21.2	19096	22.6	
		19126	21.2	19126	23.7	
		19156	21.2	19156	22.6	
		19186	20.1	19186	22.6	
		19246	21.2	19246	23.7	
		19276	20.1	19276	23.7	
		19306	21.2	19306	23.7	
		19366	21.2	19366	23.7	
		19396	20.1	19396	23.7	
		19426	20.1	19426	22.6	
		19456	20.1	19456	22.6	
		19516	21.2	19516	21.5	
		19547	21.2	19547	22.6	
		19577	22.3	19577	22.7	
		19607	22.3	19607	23.8	
		19667	22.3	19667	24.8	
		19697	22.3	19697	24.8	
		19727	22.3	19727	24.8	
		19757	22.3	19757	23.8	
		19817	22.3	19817	24.8	
		19847	23.4	19847	26.0	
		19877	23.4	19877	26.0	
		19907	23.4	19907	24.9	
		19967	24.5	19967	27.0	
		19997	24.5	19997	27.0	
		20027	24.5	20027	27.0	
		20087	25.6	20087	27.1	
		20117	25.6	20117	28.2	
		20147	26.7	20147	29.3	
		20177	26.7	20177	29.3	
		20237	26.7	20237	29.3	
		20268	27.8	20268	29.4	
		20298	28.9	20298	31.5	
		20358	28.9	20358	31.5	
		20388	28.9	20388	31.5	
		20418	30.0	20418	31.6	
		20448	31.1	20448	33.7	
		20508	31.1	20508	33.7	
		20538	32.2	20538	33.8	
		20568	33.3	20568	36.0	
		20598	33.4	20598	36.0	
		20658	34.4	20658	36.0	
		20688	34.4	20688	37.1	
		20718	35.6	20718	38.2	
		20748	35.6	20748	38.2	
		20808	36.7	20808	38.3	
		20838	36.7	20838	39.4	
		20868	37.8	20868	40.4	
		20898	37.8	20898	40.4	
		20958	37.8	20958	40.4	
		20988	37.8	20988	40.4	
		21018	38.9	21018	40.5	
		21049	38.9	21049	40.5	
		21109	38.9	21109	41.6	
		21139	38.9	21139	41.6	
		21169	38.9	21169	41.6	
		21229	38.9	21229	41.6	
		21259	38.9	21259	41.6	
		21289	38.9	21289	41.6	
		21319	38.9	21319	40.5	
		21379	38.9	21379	40.5	
		21409	37.8	21409	40.5	
		21439	38.9	21439	40.4	
		21499	37.8	21499	40.4	
		21529	37.8	21529	40.4	
		21559	37.8	21559	40.4	
		21589	36.7	21589	40.4	
		21619	36.7	21619	39.4	
		21679	36.7	21679	39.4	
		21709	35.6	21709	39.3	
		21739	36.7	21739	38.2	
		21800	35.5	21800	38.2	
		21830	35.5	21830	38.2	
		21860	35.5	21860	38.2	
		21890	35.5	21890	37.2	
		21950	35.5	21950	37.1	
		21980	35.5	21980	37.1	
		22010	34.5	22010	37.1	
		22070	34.5	22070	37.1	
		22100	34.4	22100	38.2	
		22130	34.5	22130	38.2	
		22160	34.5	22160	38.2	
		22220	35.5	22220	38.2	
		22250	35.6	22250	38.2	
		22280	36.7	22280	38.3	
		22310	36.7	22310	39.4	
		22370	37.8	22370	40.4	
		22400	37.8	22400	40.4	
		22430	37.8	22430	40.5	
		22460	38.9	22460	40.6	
		22521	40.0	22521	42.7	
		22551	40.0	22551	42.7	
		22581	41.1	22581	42.8	
		22611	41.1	22611	43.8	
		22671	42.2	22671	44.9	
		22701	43.3	22701	45.0	
		22731	44.4	22731	46.1	
		22791	44.4	22791	47.2	
		22821	45.5	22821	48.3	
		22851	46.6	22851	48.3	
		22881	46.6	22881	49.4	
		22941	47.7	22941	50.5	
		22971	48.8	22971	50.6	
		23001	49.9	23001	51.7	
		23031	49.9	23031	52.7	
		23091	51.0	23091	53.9	
		23121	52.1	23121	55.0	
		23151	52.1	23151	55.0	
		23181	53.2	23181	56.1	
		23242	54.3	23242	57.2	
		23272	55.4	23272	57.2	
		23302	55.4	23302	58.3	
		23362	55.4	23362	58.3	
		23392	55.5	23392	58.4	
		23422	56.5	23422	59.5	
		23452	57.6	23452	59.5	
		23512	57.6	23512	60.5	
		23542	57.6	23542	60.5	
		23572	57.6	23572	60.5	
		23602	57.6	23602	60.5	
		23662	57.6	23662	60.5	
		23692	57.6	23692	60.5	
		23722	57.6	23722	60.5	
		23752	57.6	23752	59.5	
		23812	56.5	23812	60.5	
		23842	57.6	23842	59.5	
		23872	56.5	23872	59.5	
		23932	56.5	23932	59.5	
		23962	56.5	23962	59.5	
		23993	56.5	23993	58.4	
		24023	55.4	24023	59.4	
		24083	56.5	24083	58.4	
		24113	55.4	24113	58.4	
		24143	55.4	24143	58.4	
		24173	56.5	24173	58.4	
		24233	56.5	24233	58.4	
		24263	55.4	24263	58.4	
		24293	56.5	24293	58.4	
		24323	56.5	24323	59.4	
		24383	56.5	24383	59.4	
		24413	56.5	24413	59.5	
		24443	56.5	24443	59.5	
		24503	56.5	24503	59.5	
		24533	56.5	24533	59.5	
		24563	56.5	24563	59.5	
		24593	56.6	24593	59.5	
		24653	56.5	24653	59.5	
		24683	56.5	24683	59.5	
		24713	57.6	24713	59.5	
		24773	56.6	24773	59.5	
		24803	57.6	24803	59.5	
		24834	57.6	24834	60.6	
		24864	57.6	24864	60.6	
		24894	57.6	24894	60.6	
		24954	58.7	24954	60.6	
		24984	57.6	24984	61.7	
		25014	58.7	25014	61.7	
		25074	58.7	25074	61.7	
		25104	58.7	25104	61.7	
		25134	58.7	25134	61.7	
		25164	58.7	25164	61.7	
		25224	58.7	25224	61.7	
		25254	57.7	25254	61.7	
		25284	58.7	25284	61.7	
		25314	58.7	25314	61.7	
		25374	58.7	25374	61.7	
		25404	58.7	25404	61.7	
		25434	58.8	25434	61.7	
		25464	58.7	25464	61.7	
		25524	59.8	25524	61.7	
		25554	58.8	25554	61.7	
		25585	59.8	25585	62.8	
		25645	60.9	25645	62.8	
		25675	60.9	25675	63.9	
		25705	60.9	25705	63.9	
		25735	60.9	25735	63.9	
		25795	60.9	25795	63.9	
		25825	61.0	25825	63.9	
		25855	60.9	25855	63.9	
		25885	62.0	25885	63.9	
		25945	60.9	25945	63.9	
		25975	61.0	25975	63.9	
		26005	62.0	26005	63.9	
		26035	62.1	26035	64.0	
		26095	62.0	26095	64.0	
		26125	62.1	26125	66.1	
		26155	63.1	26155	66.1	
		26185	64.3	26185	66.1	
		26245	64.3	26245	66.2	
		26275	65.4	26275	68.4	
		26305	65.4	26305	68.4	
		26365	66.5	26365	69.5	
		26395	67.6	26395	70.6	
		26426	68.7	26426	70.6	
		26456	68.7	26456	71.8	
		26516	69.8	26516	72.8	
		26546	70.9	26546	72.9	
		26576	72.0	26576	75.1	
		26606	72.0	26606	75.1	
		26666	72.0	26666	75.1	
		26696	73.1	26696	75.1	
		26726	73.1	26726	76.2	
		26756	74.2	26756	76.2	
		26816	74.2	26816	77.3	
		26846	74.2	26846	77.3	
		26876	74.2	26876	77.4	
		26936	75.3	26936	78.4	
		26966	76.4	26966	78.5	
		26996	76.4	26996	79.5	
		27026	76.4	27026	79.5	
		27086	76.4	27086	79.5	
		27116	76.4	27116	79.5	
		27146	76.4	27146	79.6	
		27207	77.5	27207	79.6	
		27237	77.5	27237	79.6	
		27267	77.5	27267	80.6	
		27297	77.5	27297	80.7	
		27357	77.5	27357	80.6	
		27387	77.5	27387	80.7	
		27417	77.5	27417	80.7	
		27447	77.5	27447	80.7	
		27507	78.6	27507	80.7	
		27537	77.5	27537	80.7	
		27567	77.5	27567	80.7	
		27597	77.5	27597	80.7	
		27657	77.5	27657	80.7	
		27687	77.5	27687	80.7	
		27717	77.5	27717	80.7	
		27777	78.6	27777	80.7	
		27807	78.6	27807	80.7	
		27837	78.6	27837	80.7	
		27867	78.6	27867	81.8	
		27897	79.7	27897	81.8	
		27958	79.7	27958	81.8	
		27988	79.7	27988	81.8	
		28018	79.7	28018	82.9	
		28078	79.7	28078	82.9	
		28108	80.8	28108	84.0	
		28138	81.9	28138	84.0	
		28168	81.9	28168	84.0	
		28228	81.9	28228	85.1	
		28258	83.0	28258	86.2	
		28288	84.1	28288	86.2	
		28348	83.0	28348	86.3	
		28378	84.1	28378	87.4	
		28408	85.2	28408	87.4	
		28438	85.2	28438	87.4	
		28468	85.2	28468	88.5	
		28528	85.2	28528	88.5	
		28558	86.3	28558	88.5	
		28588	86.3	28588	88.5	
		28648	86.3	28648	89.6	
		28678	86.3	28678	89.6	
		28708	86.4	28708	89.6	
		28739	87.4	28739	89.6	
		28799	87.4	28799	90.7	
		28829	87.4	28829	90.7	
		28859	87.5	28859	90.7	
		28889	88.5	28889	90.7	
		28949	88.6	28949	90.8	
		28979	89.6	28979	91.9	
		29009	89.6	29009	91.9	
		29069	89.6	29069	92.9	
		29099	89.6	29099	92.9	
		29129	89.6	29129	92.9	
		29159	89.7	29159	92.9	
		29219	90.7	29219	93.0	
		29249	90.8	29249	93.0	
		29279	91.9	29279	93.0	
		29309	91.9	29309	94.1	
		29369	91.9	29369	95.2	
		29400	91.9	29400	95.2	
		29430	91.9	29430	95.2	
		29490	93.0	29490	95.2	
		29520	93.0	29520	95.2	
		29550	93.0	29550	96.3	
		29580	94.1	29580	97.4	
		29640	95.2	29640	97.4	
		29670	95.2	29670	97.4	
		29700	95.2	29700	98.6	
		29730	96.3	29730	99.6	
		29790	97.4	29790	99.6	
		29820	97.4	29820	99.7	
		29850	97.4	29850	99.8	
		29880	98.5	29880	100.8	
		29940	98.5	29940	101.9	
		29970	98.5	29970	101.9	
		30000	99.6	30000	101.9	
		30030	99.6	30030	101.9	
		30090	99.6	30090	103.0	
		30120	99.6	30120	103.0	
		30150	100.7	30150	103.0	
		30211	100.7	30211	103.0	
		30241	100.7	30241	103.0	
		30271	100.7	30271	103.0	
		30301	100.7	30301	103.1	
		30361	100.7	30361	103.0	
		30391	100.7	30391	103.1	
		30421	100.7	30421	103.1	
		30451	100.7	30451	103.1	
		30511	100.7	30511	105.2	
		30541	100.7	30541	104.2	
		30571	100.7	30571	105.2	
		30601	102.9	30601	105.2	
		30661	102.9	30661	105.2	
		30691	102.9	30691	106.3	
		30721	102.9	30721	106.3	
		30781	102.9	30781	106.3	
		30811	104.0	30811	106.4	
		30841	105.1	30841	107.5	
		30871	105.1	30871	107.5	
		30931	105.1	30931	108.6	
		30961	106.2	30961	108.6	
		30991	106.2	30991	109.7	
		31021	106.2	31021	109.7	
		31082	107.3	31082	109.7	
		31112	107.3	31112	109.7	
		31142	107.3	31142	110.8	
		31172	107.3	31172	110.8	
		31232	108.4	31232	110.8	
		31262	107.3	31262	110.8	
		31292	108.4	31292	110.8	
		31352	109.5	31352	110.9	
		31382	109.5	31382	112.0	
		31412	109.5	31412	113.0	
		31442	109.5	31442	113.1	
		31502	110.6	31502	113.1	
		31532	110.6	31532	114.2	
		31562	111.7	31562	114.2	
		31592	111.7	31592	115.3	
		31652	112.8	31652	115.3	
		31682	112.8	31682	115.3	
		31712	113.9	31712	115.4	
		31742	113.9	31742	116.4	
		31802	113.9	31802	117.5	
		31833	113.9	31833	116.5	
		31863	114.0	31863	118.6	
		31923	115.1	31923	118.6	
		31953	115.1	31953	118.6	
		31983	116.1	31983	118.7	
		32013	116.1	32013	119.7	
		32073	116.1	32073	119.7	
		32103	116.1	32103	119.7	
		32133	116.1	32133	119.8	
		32193	116.2	32193	119.8	
		32223	117.2	32223	120.9	
		32253	117.3	32253	119.8	
		32283	117.3	32283	120.9	
		32313	117.3	32313	120.9	
		32373	118.4	32373	120.9	
		32403	118.4	32403	122.0	
		32433	118.4	32433	122.0	
		32493	119.5	32493	123.1	
		32523	119.5	32523	123.1	
		32554	120.6	32554	124.2	
		32584	120.6	32584	124.2	
		32644	121.7	32644	124.2	
		32674	121.7	32674	125.3	
		32704	121.7	32704	125.3	
		32734	122.8	32734	125.4	
		32794	121.7	32794	125.4	
		32824	122.8	32824	125.4	
		32854	123.9	32854	126.5	
		32884	123.9	32884	126.5	
		32944	123.9	32944	126.5	
		32974	123.9	32974	126.5	
		33004	125.0	33004	127.6	
		33064	125.0	33064	127.6	
		33094	125.0	33094	128.7	
		33124	126.1	33124	128.7	
		33154	126.1	33154	128.7	
		33215	127.2	33215	129.8	
		33245	127.2	33245	129.8	
		33275	127.2	33275	129.9	
		33305	127.2	33305	131.0	
		33365	127.2	33365	132.0	
		33395	128.3	33395	132.0	
		33425	128.3	33425	131.0	
		33455	128.3	33455	132.1	
		33515	128.3	33515	131.0	
		33545	128.3	33545	131.0	
		33575	128.3	33575	132.1	
		33605	128.3	33605	132.1	
		33665	128.3	33665	132.0	
		33695	128.3	33695	132.0	
		33725	128.3	33725	132.1	
		33785	128.3	33785	132.1	
		33815	128.3	33815	132.1	
		33845	128.3	33845	132.1	
		33875	128.3	33875	132.1	
		33935	128.3	33935	132.1	
		33965	128.3	33965	132.1	
		33996	128.3	33996	132.1	
		34056	129.4	34056	132.0	
		34086	128.3	34086	132.1	
		34116	128.3	34116	132.1	
		34146	129.4	34146	132.1	
		34176	128.3	34176	132.1	
		34236	129.4	34236	132.1	
		34266	129.4	34266	132.1	
		34296	129.4	34296	132.0	
