Location (um) - Load	Load (gm) - Load	Location (um) - Top view	Diameter (um) - Top view	Location (um) - Side view	Diameter (um) - Side view	
		19625	129.4	19625	132.0	
		19595	129.4	19595	132.0	
		19565	129.4	19565	130.9	
		19535	128.3	19535	131.0	
		19505	127.2	19505	130.9	
		19475	127.2	19475	130.9	
		19445	127.2	19445	129.8	
		19415	127.2	19415	129.8	
		19385	125.0	19385	128.7	
		19325	125.0	19325	128.7	
		19295	125.0	19295	127.6	
		19265	123.9	19265	127.6	
		19235	122.8	19235	126.5	
		19175	122.8	19175	126.4	
		19145	122.8	19145	125.4	
		19115	121.7	19115	125.3	
		19055	121.7	19055	124.2	
		19025	120.6	19025	124.2	
		18995	119.5	18995	124.2	
		18965	119.5	18965	123.1	
		18905	119.5	18905	123.1	
		18875	118.4	18875	121.0	
		18845	118.3	18845	120.9	
		18815	117.3	18815	119.8	
		18755	117.2	18755	119.8	
		18725	116.2	18725	118.7	
		18695	116.1	18695	119.7	
		18635	115.1	18635	117.6	
		18605	115.0	18605	118.6	
		18575	115.0	18575	117.5	
		18545	114.0	18545	117.6	
		18515	113.9	18515	117.5	
		18454	113.9	18454	116.4	
		18424	112.8	18424	116.4	
		18394	111.7	18394	115.3	
		18334	112.8	18334	115.3	
		18304	110.6	18304	115.3	
		18274	110.6	18274	114.2	
		18244	110.6	18244	114.2	
		18184	109.5	18184	113.0	
		18154	109.5	18154	113.0	
		18124	108.4	18124	111.9	
		18064	107.3	18064	111.9	
		18034	107.3	18034	110.8	
		18004	107.3	18004	109.7	
		17974	106.2	17974	109.7	
		17914	106.2	17914	109.7	
		17884	106.2	17884	108.6	
		17854	105.1	17854	108.6	
		17824	105.1	17824	108.6	
		17764	104.0	17764	107.5	
		17734	104.0	17734	106.4	
		17704	104.0	17704	106.4	
		17674	102.9	17674	106.3	
		17614	102.9	17614	105.3	
		17584	102.9	17584	105.2	
		17554	101.8	17554	104.2	
		17494	101.8	17494	104.1	
		17464	101.8	17464	104.1	
		17434	99.6	17434	104.1	
		17404	99.6	17404	103.0	
		17344	99.6	17344	101.9	
		17314	98.5	17314	100.9	
		17284	97.4	17284	100.8	
		17254	97.4	17254	99.7	
		17194	97.4	17194	99.6	
		17164	96.3	17164	99.6	
		17134	95.2	17134	98.5	
		17104	95.2	17104	98.5	
		17044	94.1	17044	96.4	
		17014	94.1	17014	96.3	
		16984	93.0	16984	95.2	
		16954	91.9	16954	95.2	
		16894	91.9	16894	94.1	
		16864	90.8	16864	93.0	
		16834	89.7	16834	92.9	
		16774	89.6	16774	91.8	
		16744	88.5	16744	91.8	
		16714	87.4	16714	90.7	
		16684	87.4	16684	90.7	
		16624	87.4	16624	90.7	
		16594	87.4	16594	90.7	
		16564	87.5	16564	90.8	
		16534	88.5	16534	90.8	
		16474	88.5	16474	90.8	
		16444	88.5	16444	90.8	
		16414	88.5	16414	90.7	
		16384	88.5	16384	90.7	
		16324	87.5	16324	90.7	
		16294	87.4	16294	90.7	
		16264	87.4	16264	89.6	
		16204	87.4	16204	89.6	
		16174	86.3	16174	89.6	
		16144	85.2	16144	88.5	
		16114	85.2	16114	87.4	
		16053	84.1	16053	87.4	
		16023	84.1	16023	87.3	
		15993	84.1	15993	87.3	
		15963	83.0	15963	85.2	
		15903	81.9	15903	85.1	
		15873	80.8	15873	84.0	
		15843	80.8	15843	84.0	
		15813	79.7	15813	81.8	
		15753	78.6	15753	80.7	
		15723	76.4	15723	80.6	
		15693	76.4	15693	78.5	
		15633	74.2	15633	77.4	
		15603	74.2	15603	76.2	
		15573	73.1	15573	75.1	
		15543	72.0	15543	75.1	
		15483	72.0	15483	74.0	
		15453	69.8	15453	72.9	
		15423	69.8	15423	72.9	
		15393	69.8	15393	71.8	
		15333	69.8	15333	72.9	
		15303	69.8	15303	72.9	
		15273	69.8	15273	72.9	
		15213	69.8	15213	72.9	
		15183	70.9	15183	72.9	
		15153	70.9	15153	74.0	
		15123	70.9	15123	74.0	
		15063	72.0	15063	75.1	
		15033	72.0	15033	75.1	
		15003	73.1	15003	75.1	
		14973	73.1	14973	75.1	
		14943	73.1	14943	75.1	
		14883	73.1	14883	75.1	
		14853	70.9	14853	75.1	
		14823	70.9	14823	74.0	
		14763	70.9	14763	73.9	
		14733	69.8	14733	71.8	
		14703	69.8	14703	71.7	
		14673	67.6	14673	71.7	
		14613	67.6	14613	70.6	
		14583	67.6	14583	70.6	
		14553	66.5	14553	68.4	
		14493	65.4	14493	68.4	
		14463	64.3	14463	67.3	
		14433	64.3	14433	67.2	
		14403	64.3	14403	66.2	
		14343	62.1	14343	66.1	
		14313	62.0	14313	65.0	
		14283	62.0	14283	63.9	
		14253	59.9	14253	62.9	
		14193	59.8	14193	62.8	
		14163	59.8	14163	62.8	
		14133	58.7	14133	61.7	
		14103	57.6	14103	61.7	
		14043	57.6	14043	61.7	
		14013	57.6	14013	59.5	
		13983	57.6	13983	59.5	
		13923	57.6	13923	59.5	
		13893	57.6	13893	59.5	
		13863	57.6	13863	59.5	
		13833	57.6	13833	59.5	
		13773	57.7	13773	60.6	
		13743	58.7	13743	60.6	
		13713	58.7	13713	60.6	
		13683	58.7	13683	61.7	
		13623	58.8	13623	61.7	
		13593	58.8	13593	61.7	
		13563	58.7	13563	61.7	
		13533	58.7	13533	61.7	
		13473	58.7	13473	61.7	
		13443	58.7	13443	62.8	
		13413	58.7	13413	61.7	
		13353	58.7	13353	60.7	
		13323	58.7	13323	60.6	
		13293	57.6	13293	60.6	
		13263	57.6	13263	60.5	
		13203	56.5	13203	60.5	
		13173	56.5	13173	58.4	
		13143	55.4	13143	58.3	
		13113	55.4	13113	58.3	
		13053	54.3	13053	57.2	
		13022	54.3	13022	56.1	
		12992	53.2	12992	56.1	
		12962	53.2	12962	56.1	
		12902	52.1	12902	54.0	
		12872	51.0	12872	53.9	
		12842	51.0	12842	53.9	
		12782	51.0	12782	53.8	
		12752	49.9	12752	51.7	
		12722	48.8	12722	51.6	
		12692	48.8	12692	50.6	
		12632	48.8	12632	50.5	
		12602	47.7	12602	50.5	
		12572	46.6	12572	50.5	
		12542	46.6	12542	48.4	
		12482	46.6	12482	48.3	
		12452	45.5	12452	48.3	
		12422	44.4	12422	47.2	
		12392	44.4	12392	47.2	
		12332	44.4	12332	47.1	
		12302	44.4	12302	47.1	
		12272	43.3	12272	46.1	
		12242	43.3	12242	45.0	
		12182	42.2	12182	44.9	
		12152	42.2	12152	43.9	
		12122	42.2	12122	43.8	
		12062	40.0	12062	43.8	
		12032	40.0	12032	42.7	
		12002	40.0	12002	41.6	
		11972	38.9	11972	41.6	
		11912	38.9	11912	41.6	
		11882	38.9	11882	40.5	
		11852	37.8	11852	39.4	
		11792	36.7	11792	39.3	
		11762	36.7	11762	39.3	
		11732	35.6	11732	39.3	
		11702	35.6	11702	37.2	
		11642	35.5	11642	37.2	
		11612	35.5	11612	37.1	
		11582	33.4	11582	37.1	
		11552	33.3	11552	36.0	
		11492	33.3	11492	36.0	
		11462	33.3	11462	36.0	
		11432	33.3	11432	36.0	
		11402	32.3	11402	33.8	
		11342	31.1	11342	33.8	
		11312	31.1	11312	33.7	
		11282	31.1	11282	33.7	
		11222	31.1	11222	33.7	
		11192	30.0	11192	32.6	
		11162	30.0	11162	32.6	
		11132	29.0	11132	31.6	
		11072	28.9	11072	30.5	
		11042	27.8	11042	30.4	
		11012	27.8	11012	30.4	
		10982	27.8	10982	30.4	
		10922	27.8	10922	30.4	
		10892	27.8	10892	30.4	
		10862	27.8	10862	29.3	
		10832	26.7	10832	29.3	
		10772	26.7	10772	29.3	
		10742	26.7	10742	29.3	
		10712	25.6	10712	28.2	
		10682	25.6	10682	28.2	
		10622	25.6	10622	28.2	
		10592	25.6	10592	28.2	
		10562	25.6	10562	27.1	
		10532	24.5	10532	28.2	
		10472	24.5	10472	28.1	
		10442	24.5	10442	28.1	
		10412	24.5	10412	28.1	
		10352	24.5	10352	26.0	
		10322	23.4	10322	26.0	
		10292	24.5	10292	25.9	
		10262	24.5	10262	25.9	
		10202	24.5	10202	25.9	
		10172	24.5	10172	25.9	
		10142	24.5	10142	25.9	
		10082	24.5	10082	25.9	
		10052	24.5	10052	25.9	
		10022	24.5	10022	25.9	
		9992	23.4	9992	25.9	
		9932	23.4	9932	25.9	
		9902	23.4	9902	25.9	
		9872	23.4	9872	27.0	
		9842	23.4	9842	25.9	
		9782	23.4	9782	25.9	
		9752	23.4	9752	25.9	
		9722	23.4	9722	25.9	
		9692	23.4	9692	25.9	
		9632	23.4	9632	25.9	
		9602	23.4	9602	25.9	
		9572	23.4	9572	26.0	
		9542	23.4	9542	26.0	
		9482	23.4	9482	26.0	
		9452	23.4	9452	27.0	
		9422	24.5	9422	27.1	
		9362	25.6	9362	27.1	
		9332	25.6	9332	28.1	
		9302	25.6	9302	28.1	
		9272	25.6	9272	28.1	
		9212	25.6	9212	28.1	
		9182	25.6	9182	28.1	
		9152	25.6	9152	28.2	
		9122	25.6	9122	28.2	
		9062	25.6	9062	28.2	
		9031	26.7	9031	28.2	
		9001	26.7	9001	29.3	
		8971	26.7	8971	29.3	
		8911	26.7	8911	29.3	
		8881	26.7	8881	29.3	
		8851	26.7	8851	29.3	
		8791	26.7	8791	29.3	
		8761	26.7	8761	30.4	
		8731	26.7	8731	30.4	
		8701	26.7	8701	30.4	
		8641	26.7	8641	30.4	
		8611	26.7	8611	30.4	
		8581	27.8	8581	30.4	
		8551	26.7	8551	30.4	
		8491	26.7	8491	30.4	
		8461	26.7	8461	30.4	
		8431	27.8	8431	29.3	
		8401	27.8	8401	30.4	
		8341	27.8	8341	29.4	
		8311	27.8	8311	29.4	
		8281	27.8	8281	30.4	
		8221	27.8	8221	30.4	
		8191	27.8	8191	30.4	
		8161	27.8	8161	30.4	
		8131	27.8	8131	29.3	
		8071	27.8	8071	30.4	
		8041	27.8	8041	29.3	
		8011	27.8	8011	29.3	
		7981	27.8	7981	29.3	
		7921	26.7	7921	29.3	
		7891	26.7	7891	29.3	
		7861	26.7	7861	29.3	
		7831	26.7	7831	29.3	
		7771	26.7	7771	29.3	
		7741	25.6	7741	29.3	
		7711	25.6	7711	28.2	
		7651	25.6	7651	28.2	
		7621	25.6	7621	27.1	
		7591	25.6	7591	27.1	
		7561	24.5	7561	27.1	
		7501	24.5	7501	27.1	
		7471	24.5	7471	27.1	
		7441	24.5	7441	27.1	
		7411	24.5	7411	27.1	
		7351	24.5	7351	27.1	
		7321	24.5	7321	27.1	
		7291	24.5	7291	27.1	
		7261	24.5	7261	27.1	
		7201	24.5	7201	27.1	
		7171	24.5	7171	27.1	
		7141	25.6	7141	28.2	
		7081	25.6	7081	27.1	
		7051	25.6	7051	28.2	
		7021	25.6	7021	28.2	
		6991	25.6	6991	28.2	
		6931	25.6	6931	28.2	
		6901	25.6	6901	29.3	
		6871	25.6	6871	29.3	
		6841	25.6	6841	29.3	
		6781	26.7	6781	28.2	
		6751	26.7	6751	28.2	
		6721	26.7	6721	28.3	
		6691	26.7	6691	30.4	
		6631	27.8	6631	30.4	
		6601	27.8	6601	30.4	
		6571	28.9	6571	30.4	
		6511	28.9	6511	30.4	
		6481	28.9	6481	30.5	
		6451	28.9	6451	32.6	
		6421	30.0	6421	32.6	
		6361	30.0	6361	32.6	
		6331	30.0	6331	32.6	
		6301	30.0	6301	32.7	
		6271	31.1	6271	33.8	
		6211	31.1	6211	34.9	
		6181	32.2	6181	34.9	
		6151	32.2	6151	34.9	
		6121	33.3	6121	36.0	
		6061	33.3	6061	36.0	
		6031	34.4	6031	37.1	
		6001	34.5	6001	37.1	
		5971	35.5	5971	38.2	
		5911	35.6	5911	38.3	
		5881	36.7	5881	40.4	
		5851	37.8	5851	40.4	
		5791	37.8	5791	41.6	
		5761	38.9	5761	41.6	
		5731	40.0	5731	42.7	
		5701	40.0	5701	43.8	
		5641	41.1	5641	43.8	
		5611	42.2	5611	45.0	
		5581	43.3	5581	46.0	
		5551	43.3	5551	46.1	
		5491	44.4	5491	47.2	
		5461	45.5	5461	48.3	
		5431	45.5	5431	48.3	
		5371	45.5	5371	49.4	
		5341	46.6	5341	49.4	
		5311	47.7	5311	49.5	
		5281	47.7	5281	50.5	
		5221	47.7	5221	51.6	
		5190	48.8	5190	51.6	
		5160	48.8	5160	51.6	
		5130	48.8	5130	51.7	
		5070	48.8	5070	52.7	
		5040	49.9	5040	52.7	
		5010	49.9	5010	52.7	
		4950	49.9	4950	52.7	
		4920	49.9	4920	52.7	
		4890	49.9	4890	52.7	
		4860	49.9	4860	52.8	
		4800	49.9	4800	52.8	
		4770	49.9	4770	52.8	
		4740	49.9	4740	52.8	
		4710	49.9	4710	52.8	
		4650	48.8	4650	51.7	
		4620	48.8	4620	51.7	
		4590	48.8	4590	51.7	
		4560	48.8	4560	51.6	
		4500	48.8	4500	51.6	
		4470	48.8	4470	51.6	
		4440	48.8	4440	51.6	
		4410	48.8	4410	51.6	
		4350	48.8	4350	51.6	
		4320	48.8	4320	51.6	
		4290	48.8	4290	51.6	
		4260	48.8	4260	51.6	
		4200	48.8	4200	51.6	
		4170	48.8	4170	51.6	
		4140	48.8	4140	51.6	
		4080	48.8	4080	51.6	
		4050	48.8	4050	51.6	
		4020	48.8	4020	51.6	
		3990	48.8	3990	51.6	
		3930	48.8	3930	51.6	
		3900	48.8	3900	51.6	
		3870	48.8	3870	51.7	
		3810	49.9	3810	51.7	
		3780	49.9	3780	52.7	
		3750	49.9	3750	53.8	
		3720	49.9	3720	53.8	
		3690	51.0	3690	53.9	
		3630	52.1	3630	53.9	
		3600	52.1	3600	56.1	
		3570	52.1	3570	56.1	
		3510	54.3	3510	56.1	
		3480	54.3	3480	57.2	
		3450	54.3	3450	58.3	
		3420	55.4	3420	58.3	
		3360	56.5	3360	59.4	
		3330	56.5	3330	60.6	
		3300	58.7	3300	60.6	
		3270	58.7	3270	62.8	
		3210	59.8	3210	62.8	
		3180	60.9	3180	62.9	
		3150	60.9	3150	65.0	
		3120	62.1	3120	65.0	
		3060	63.1	3060	66.1	
		3030	63.1	3030	66.2	
		3000	63.2	3000	67.2	
		2940	64.3	2940	67.3	
		2910	65.4	2910	67.3	
		2880	65.4	2880	68.4	
		2850	65.4	2850	68.4	
		2790	65.4	2790	68.4	
		2760	65.4	2760	68.4	
		2730	66.5	2730	69.5	
		2700	66.5	2700	69.5	
		2640	66.5	2640	69.5	
		2610	66.5	2610	70.6	
		2580	67.6	2580	70.6	
		2520	68.7	2520	70.6	
		2490	68.7	2490	71.7	
		2460	68.7	2460	71.8	
		2430	68.7	2430	72.8	
		2370	68.7	2370	72.8	
		2340	69.8	2340	72.8	
		2310	70.9	2310	72.9	
		2280	70.9	2280	72.9	
		2220	70.9	2220	72.9	
		2190	70.9	2190	74.0	
		2160	70.9	2160	75.1	
		2130	70.9	2130	75.1	
		2070	70.9	2070	75.1	
		2040	72.0	2040	75.1	
		2010	72.0	2010	75.1	
		1980	72.0	1980	75.1	
		1920	72.0	1920	75.1	
		1890	73.1	1890	75.1	
		1860	73.1	1860	75.1	
		1800	73.1	1800	75.2	
		1770	73.1	1770	75.2	
		1739	73.1	1739	76.2	
		1709	73.1	1709	77.3	
		1649	74.2	1649	77.3	
		1619	74.2	1619	77.3	
		1589	74.2	1589	77.4	
		1559	75.3	1559	78.5	
		1499	76.4	1499	79.5	
		1469	77.5	1469	79.6	
		1439	77.5	1439	80.7	
		1379	77.5	1379	81.8	
		1349	78.6	1349	81.8	
		1319	78.6	1319	81.8	
		1289	79.7	1289	82.9	
		1229	79.7	1229	84.0	
		1199	80.8	1199	85.1	
		1169	81.9	1169	85.1	
		1139	83.0	1139	85.2	
		1079	83.0	1079	87.3	
		1049	84.1	1049	87.3	
		1019	84.1	1019	87.4	
		989	84.1	989	87.4	
		929	85.2	929	89.6	
		899	85.2	899	88.5	
		869	85.2	869	88.5	
		809	86.3	809	89.6	
		779	87.4	779	90.7	
		749	87.4	749	90.7	
		719	87.4	719	90.7	
		659	87.4	659	90.7	
		629	87.4	629	90.7	
		599	87.5	599	91.8	
		569	88.6	569	91.8	
		509	89.6	509	91.8	
		479	89.6	479	91.9	
		449	89.6	449	93.0	
		419	89.7	419	94.1	
		359	90.8	359	94.1	
		329	90.8	329	94.1	
		299	90.8	299	94.1	
		239	91.9	239	95.2	
		209	93.0	209	96.3	
		179	93.0	179	96.3	
		149	93.0	149	96.3	
		89	93.0	89	96.3	
		59	94.1	59	96.4	
		29	94.1	29	97.4	
