	
2966	1.1	24653	128.3	24653	132.1	
3018	0.6	24623	128.3	24623	130.9	
3070	2.8	24593	128.3	24593	132.0	
3123	0.6	24563	128.3	24563	132.0	
3166	1.7	24533	128.3	24533	129.9	
3220	1.1	24503	127.2	24503	129.9	
3274	1.1	24442	127.2	24442	129.8	
3328	3.3	24412	126.1	24412	129.8	
3372	0.6	24382	126.1	24382	128.7	
3427	2.2	24322	125.0	24322	128.7	
3483	3.3	24292	125.0	24292	127.6	
3528	1.7	24262	123.9	24262	127.6	
3550	1.7	24232	123.9	24232	127.6	
3584	2.8	24172	122.8	24172	125.4	
3641	2.2	24142	122.8	24142	126.4	
3699	1.1	24112	122.8	24112	126.4	
3745	1.7	24082	122.8	24082	124.3	
3768	1.1	24022	120.6	24022	124.2	
3804	2.8	23992	120.6	23992	123.2	
3862	1.1	23962	120.6	23962	123.1	
3922	1.1	23932	119.5	23932	122.0	
3970	1.7	23872	118.4	23872	122.0	
3994	2.2	23842	118.3	23842	122.0	
4030	2.8	23812	118.3	23812	120.9	
4091	1.1	23752	117.3	23752	120.9	
4153	0.6	23721	117.2	23721	120.9	
4202	3.9	23691	117.2	23691	118.7	
4227	1.7	23661	116.1	23661	118.7	
4265	1.7	23601	115.1	23601	118.7	
4328	0.6	23571	115.0	23571	117.6	
4392	3.9	23541	115.0	23541	117.6	
4443	1.1	23511	113.9	23511	116.5	
4469	2.8	23451	113.9	23451	116.5	
4521	2.8	23421	113.9	23421	116.4	
4574	1.7	23391	112.8	23391	115.3	
4640	1.7	23331	111.7	23331	115.3	
4693	2.2	23301	111.7	23301	115.3	
4761	2.2	23271	110.6	23271	114.2	
4788	1.7	23241	110.6	23241	113.1	
4829	2.8	23181	109.5	23181	112.0	
4898	1.7	23151	109.5	23151	111.9	
4954	2.2	23121	108.4	23121	111.9	
5025	4.4	23091	108.4	23091	110.9	
5053	1.1	23031	107.3	23031	109.8	
5096	1.1	23001	107.3	23001	109.7	
5168	1.1	22970	106.2	22970	109.7	
5227	1.1	22940	105.1	22940	108.6	
5300	1.1	22880	105.1	22880	108.6	
5330	1.1	22850	104.0	22850	107.5	
5375	2.2	22820	104.0	22820	107.5	
5451	2.8	22790	104.0	22790	106.4	
5527	1.7	22730	104.0	22730	106.3	
5589	2.2	22700	102.9	22700	105.2	
5620	2.2	22670	102.9	22670	105.2	
5667	1.1	22610	101.8	22610	105.2	
5747	4.4	22580	100.7	22580	104.1	
5828	0.6	22550	100.7	22550	104.1	
5893	4.4	22520	100.7	22520	104.1	
5976	1.7	22460	100.7	22460	102.0	
6060	1.1	22430	100.7	22430	102.0	
6145	2.8	22400	98.5	22400	101.9	
6214	1.7	22370	98.5	22370	101.9	
6302	2.2	22310	98.5	22310	100.8	
6373	3.3	22279	98.5	22279	100.8	
6409	1.7	22249	98.5	22249	100.8	
6481	3.9	22189	97.4	22189	100.8	
6555	1.1	22159	97.4	22159	99.7	
6648	1.1	22129	97.4	22129	99.6	
6724	1.1	22099	96.3	22099	98.6	
6762	1.7	22069	95.2	22069	98.6	
6840	2.2	22009	95.2	22009	97.5	
6918	2.2	21979	94.1	21979	97.4	
7019	0.6	21949	94.1	21949	97.4	
7121	2.2	21889	94.1	21889	96.3	
7225	2.8	21859	93.0	21859	95.2	
7310	1.7	21829	91.9	21829	95.2	
7418	2.2	21799	93.0	21799	94.1	
7528	2.8	21739	91.9	21739	94.1	
7641	1.7	21709	90.7	21709	94.1	
7734	1.7	21678	90.7	21678	93.0	
7852	2.2	21648	89.6	21648	91.9	
7973	4.4	21588	88.5	21588	91.8	
8073	1.1	21558	88.5	21558	90.8	
8123	2.2	21528	87.4	21528	89.6	
8200	3.9	21498	86.3	21498	89.6	
8330	1.7	21438	86.3	21438	88.5	
8465	1.7	21408	85.2	21408	87.4	
8576	1.7	21378	84.1	21378	87.3	
8632	2.8	21318	84.1	21318	86.3	
8718	0.6	21288	84.1	21288	86.2	
8865	2.2	21258	83.0	21258	85.2	
9018	1.1	21228	81.9	21228	85.1	
9144	0.6	21168	81.9	21168	84.1	
9208	2.2	21138	81.9	21138	84.0	
9307	3.3	21108	80.8	21108	84.0	
9478	2.2	21078	80.8	21078	84.0	
9655	0.6	21017	79.7	21017	82.9	
9804	0.6	20987	79.7	20987	81.9	
9880	1.7	20957	79.7	20957	81.8	
9997	0.6	20897	78.6	20897	81.8	
10202	1.7	20867	78.6	20867	81.8	
10419	0.6	20837	78.6	20837	81.8	
10603	2.8	20807	77.5	20807	81.8	
10699	2.2	20747	77.5	20747	80.7	
10848	3.3	20717	77.5	20717	79.6	
11112	1.7	20687	77.5	20687	79.6	
11401	3.3	20627	76.4	20627	79.5	
11653	5.0	20597	77.5	20597	79.5	
12002	1.7	20567	76.4	20567	79.5	
12155	1.7	20537	76.4	20537	78.5	
12402	0.6	20507	75.3	20507	78.5	
12874	3.3	20447	75.3	20447	78.4	
13277	2.8	20417	75.3	20417	78.4	
13781	2.2	20387	74.2	20387	77.4	
13982	0.6	20326	74.2	20326	77.3	
14285	1.7	20296	74.2	20296	76.3	
14788	2.2	20266	74.2	20266	76.2	
15151	1.7	20236	73.1	20236	76.2	
15540	2.8	20176	73.1	20176	76.2	
15681	0.6	20146	72.0	20146	76.2	
15879	1.1	20116	72.0	20116	74.0	
16181	1.1	20086	72.0	20086	74.0	
16402	1.1	20026	70.9	20026	74.0	
16659	2.2	19996	70.9	19996	73.9	
16756	0.6	19966	69.8	19966	71.8	
16896	0.6	19936	68.7	19936	71.8	
17118	1.1	19876	68.7	19876	71.7	
17327	3.3	19846	68.7	19846	71.7	
17485	2.2	19816	68.7	19816	71.7	
17562	1.7	19756	68.7	19756	71.7	
17674	3.3	19726	68.7	19726	70.7	
17854	2.2	19696	67.6	19696	69.6	
18026	1.7	19666	66.5	19666	69.5	
18158	2.8	19605	66.5	19605	69.5	
18317	3.3	19575	66.5	19575	69.5	
18441	1.1	19545	66.5	19545	69.5	
18501	1.1	19515	65.4	19515	68.4	
18619	1.7	19455	65.4	19455	67.3	
18734	1.7	19425	64.3	19425	67.3	
18873	1.7	19395	64.3	19395	66.2	
18981	1.1	19365	63.1	19365	65.0	
19035	1.7	19305	62.0	19305	64.0	
19139	1.7	19275	61.0	19275	63.9	
19241	0.6	19245	60.9	19245	62.8	
19366	3.3	19215	59.8	19215	61.7	
19487	1.1	19155	58.7	19155	61.7	
19606	1.1	19125	58.7	19125	60.6	
19698	1.7	19095	57.6	19095	60.5	
19811	2.2	19035	56.5	19035	59.5	
19922	2.2	19005	56.5	19005	59.4	
20030	1.7	18975	56.5	18975	58.3	
20115	0.6	18945	56.5	18945	58.3	
20219	2.2	18884	55.4	18884	58.3	
20321	2.2	18854	54.3	18854	58.3	
20421	1.7	18824	54.3	18824	57.2	
20500	1.7	18764	54.3	18764	57.2	
20597	1.1	18734	54.3	18734	56.2	
20691	2.2	18704	54.3	18704	56.2	
20766	2.2	18674	54.3	18674	56.1	
20803	1.7	18614	54.3	18614	56.1	
20858	0.6	18584	54.3	18584	56.2	
20948	3.3	18554	54.3	18554	57.2	
21037	2.2	18524	54.3	18524	56.2	
21108	2.2	18464	54.3	18464	57.2	
21142	2.2	18434	54.3	18434	57.2	
21194	2.2	18404	54.3	18404	57.2	
21279	2.2	18374	54.3	18374	57.2	
21363	1.1	18314	55.4	18314	58.3	
21429	1.7	18284	55.4	18284	58.3	
21462	2.2	18254	55.4	18254	57.3	
21511	2.2	18193	55.4	18193	58.3	
21591	1.7	18163	55.4	18163	58.3	
21671	3.3	18133	55.4	18133	58.3	
21733	1.7	18103	55.4	18103	58.3	
21765	3.3	18043	55.4	18043	58.3	
21811	2.8	18013	55.4	18013	58.3	
21887	1.1	17983	55.4	17983	58.3	
21963	1.7	17953	55.4	17953	58.3	
22023	1.1	17893	55.4	17893	58.3	
22096	0.6	17863	55.4	17863	57.2	
22126	1.7	17833	55.4	17833	57.3	
22169	1.7	17803	55.4	17803	57.3	
22241	2.2	17743	55.4	17743	58.3	
22298	2.2	17713	54.3	17713	56.2	
22369	0.6	17683	53.2	17683	56.1	
22397	0.6	17623	53.2	17623	56.1	
22439	1.1	17593	53.2	17593	56.1	
22508	1.7	17563	53.2	17563	56.1	
22562	3.3	17533	52.1	17533	53.9	
22630	0.6	17502	51.0	17502	53.8	
		17442	49.9	17442	52.8	
		17412	49.9	17412	51.6	
		17382	48.8	17382	51.6	
		17322	47.7	17322	49.4	
		17292	46.6	17292	49.4	
		17262	46.6	17262	48.3	
		17232	44.4	17232	47.2	
		17172	44.4	17172	47.1	
		17142	43.3	17142	45.0	
		17112	42.2	17112	44.9	
		17082	42.2	17082	44.9	
		17022	41.1	17022	43.8	
		16992	40.0	16992	42.7	
		16962	40.0	16962	41.6	
		16902	38.9	16902	41.6	
		16872	37.8	16872	40.5	
		16842	37.8	16842	40.5	
		16812	37.8	16812	39.4	
		16751	37.8	16751	39.3	
		16721	35.6	16721	39.3	
		16691	35.5	16691	38.2	
		16661	35.5	16661	37.1	
		16601	35.5	16601	37.1	
		16571	35.5	16571	36.0	
		16541	33.3	16541	36.0	
		16511	33.3	16511	36.0	
		16451	33.3	16451	34.9	
		16421	32.2	16421	34.9	
		16391	32.2	16391	33.8	
		16331	32.2	16331	33.7	
		16301	31.1	16301	33.7	
		16271	30.0	16271	32.6	
		16241	30.0	16241	32.6	
		16181	30.0	16181	31.5	
		16151	28.9	16151	30.4	
		16121	28.9	16121	30.4	
		16091	27.8	16091	30.4	
		16030	27.8	16030	30.4	
		16000	27.8	16000	29.3	
		15970	26.7	15970	29.3	
		15910	26.7	15910	28.2	
		15880	25.6	15880	28.2	
		15850	25.6	15850	27.1	
		15820	25.6	15820	28.1	
		15760	24.5	15760	27.1	
		15730	23.4	15730	26.0	
		15700	23.4	15700	25.9	
		15670	23.4	15670	25.9	
		15610	23.4	15610	25.9	
		15580	23.4	15580	23.8	
		15550	22.3	15550	23.7	
		15520	22.3	15520	23.7	
		15460	22.3	15460	24.8	
		15430	22.3	15430	24.8	
		15400	22.3	15400	23.7	
		15370	21.2	15370	23.7	
		15310	21.2	15310	22.7	
		15279	21.2	15279	21.6	
		15249	21.2	15249	21.6	
		15189	21.2	15189	22.6	
		15159	21.2	15159	22.6	
		15129	21.2	15129	23.7	
		15099	21.2	15099	23.7	
		15039	21.2	15039	23.7	
		15009	21.2	15009	23.7	
		14979	21.2	14979	23.7	
		14949	21.2	14949	23.7	
		14889	21.2	14889	23.7	
		14859	21.2	14859	23.7	
		14829	20.1	14829	23.7	
		14799	20.1	14799	23.7	
		14739	21.2	14739	23.7	
		14709	21.2	14709	22.6	
		14679	21.2	14679	22.6	
		14619	21.2	14619	22.6	
		14589	21.2	14589	22.6	
		14559	21.2	14559	22.6	
		14529	21.2	14529	22.7	
		14468	21.2	14468	23.7	
		14438	21.2	14438	23.7	
		14408	21.2	14408	23.7	
		14378	21.2	14378	24.8	
		14318	21.2	14318	24.8	
		14288	21.2	14288	24.8	
		14258	21.2	14258	24.8	
		14198	21.2	14198	24.8	
		14168	21.2	14168	24.8	
		14138	21.2	14138	24.8	
		14108	21.2	14108	24.8	
		14048	21.2	14048	24.8	
		14018	21.2	14018	24.8	
		13988	21.2	13988	24.8	
		13958	21.2	13958	24.8	
		13898	21.2	13898	24.8	
		13868	22.3	13868	24.8	
		13838	21.2	13838	24.8	
		13808	22.3	13808	24.8	
		13747	22.3	13747	24.8	
		13717	22.3	13717	23.7	
		13687	22.3	13687	23.7	
		13657	22.3	13657	23.7	
		13597	22.3	13597	23.7	
		13567	22.3	13567	23.7	
		13537	22.3	13537	23.7	
		13477	22.3	13477	23.8	
		13447	22.3	13447	23.8	
		13417	22.3	13417	24.9	
		13387	22.3	13387	25.9	
		13327	22.3	13327	25.9	
		13297	23.4	13297	25.9	
		13267	23.4	13267	25.9	
		13237	23.4	13237	25.9	
		13177	23.4	13177	25.9	
		13147	23.4	13147	25.9	
		13117	24.5	13117	25.9	
		13087	24.5	13087	24.8	
		13026	24.5	13026	24.9	
		12996	24.5	12996	25.9	
		12966	23.4	12966	25.9	
		12906	24.5	12906	27.0	
		12876	25.6	12876	27.0	
		12846	24.5	12846	27.0	
		12816	25.6	12816	27.0	
		12756	24.5	12756	27.1	
		12726	24.5	12726	27.1	
		12696	24.5	12696	28.2	
		12636	25.6	12636	28.2	
		12606	25.6	12606	29.3	
		12576	25.6	12576	29.3	
		12546	25.6	12546	29.3	
		12516	25.6	12516	29.3	
		12456	25.6	12456	29.3	
		12426	25.6	12426	28.2	
		12396	25.6	12396	28.2	
		12336	25.6	12336	28.2	
		12306	26.7	12306	28.2	
		12276	26.7	12276	28.2	
		12246	26.7	12246	28.2	
		12185	26.7	12185	29.3	
		12155	25.6	12155	29.3	
		12125	26.7	12125	29.3	
		12095	25.6	12095	29.3	
		12035	26.7	12035	29.3	
		12005	26.7	12005	29.3	
		11975	26.7	11975	30.4	
		11945	27.8	11945	30.4	
		11885	27.8	11885	30.4	
		11855	26.7	11855	30.4	
		11825	27.8	11825	30.4	
		11765	27.8	11765	31.5	
		11735	27.8	11735	31.5	
		11705	28.9	11705	31.5	
		11675	27.8	11675	31.5	
		11615	28.9	11615	31.5	
		11585	28.9	11585	31.5	
		11555	28.9	11555	31.5	
		11525	30.0	11525	31.5	
		11464	28.9	11464	31.6	
		11434	30.0	11434	31.6	
		11404	30.0	11404	32.7	
		11374	31.1	11374	32.7	
		11314	30.0	11314	33.7	
		11284	31.1	11284	33.7	
		11254	31.1	11254	33.7	
		11194	31.1	11194	33.7	
		11164	32.2	11164	33.8	
		11134	32.2	11134	33.8	
		11104	32.2	11104	34.9	
		11044	32.2	11044	34.9	
		11014	32.2	11014	34.9	
		10984	32.2	10984	34.9	
		10954	32.3	10954	36.0	
		10894	33.3	10894	36.0	
		10864	33.3	10864	37.1	
		10833	33.3	10833	37.1	
		10773	34.4	10773	37.1	
		10743	35.5	10743	37.1	
		10713	34.5	10713	37.2	
		10683	35.6	10683	37.2	
		10623	35.6	10623	37.2	
		10593	36.7	10593	37.1	
		10563	36.7	10563	39.3	
		10533	36.7	10533	39.4	
		10473	37.8	10473	39.4	
		10443	37.8	10443	40.5	
		10413	37.8	10413	40.5	
		10383	37.8	10383	41.6	
		10323	38.9	10323	41.6	
		10293	40.0	10293	41.6	
		10263	40.0	10263	42.7	
		10203	40.0	10203	42.7	
		10173	41.1	10173	43.8	
		10143	41.1	10143	44.9	
		10112	41.1	10112	44.9	
		10052	42.2	10052	44.9	
		10022	42.2	10022	45.0	
		9992	43.3	9992	46.0	
		9962	44.4	9962	47.1	
		9902	44.4	9902	47.1	
		9872	44.4	9872	47.2	
		9842	45.5	9842	49.4	
		9812	46.6	9812	49.4	
		9752	46.6	9752	49.4	
		9722	46.6	9722	49.5	
		9692	48.8	9692	50.6	
		9632	48.8	9632	51.6	
		9602	48.8	9602	51.6	
		9572	48.8	9572	51.7	
		9542	49.9	9542	52.8	
		9512	51.0	9512	53.8	
		9452	51.0	9452	53.8	
		9421	51.0	9421	53.9	
		9391	52.1	9391	55.0	
		9331	53.2	9331	55.0	
		9301	53.2	9301	56.1	
		9271	53.2	9271	57.2	
		9241	53.2	9241	57.2	
		9181	54.3	9181	57.2	
		9151	55.4	9151	57.2	
		9121	55.4	9121	58.4	
		9091	55.4	9091	58.3	
		9031	55.4	9031	59.4	
		9001	55.4	9001	59.4	
		8971	56.5	8971	59.4	
		8911	57.6	8911	59.5	
		8881	57.6	8881	60.5	
		8851	57.6	8851	60.6	
		8821	57.6	8821	60.6	
		8761	57.6	8761	60.6	
		8731	58.7	8731	60.6	
		8700	58.7	8700	60.6	
		8670	58.7	8670	60.6	
		8610	58.7	8610	61.7	
		8580	58.7	8580	60.6	
		8550	58.7	8550	61.7	
		8490	58.7	8490	61.7	
		8460	58.7	8460	61.7	
		8430	58.7	8430	61.7	
		8400	58.7	8400	61.7	
		8340	58.7	8340	61.7	
		8310	58.7	8310	61.7	
		8280	58.7	8280	61.7	
		8250	59.8	8250	61.7	
		8190	58.8	8190	61.7	
		8160	59.8	8160	62.8	
		8130	59.8	8130	62.8	
		8100	59.8	8100	62.8	
		8040	59.8	8040	62.8	
		8010	59.8	8010	63.9	
		7980	60.9	7980	63.9	
		7919	60.9	7919	63.9	
		7889	60.9	7889	63.9	
		7859	62.0	7859	63.9	
		7829	62.0	7829	64.0	
		7769	62.0	7769	65.0	
		7739	62.0	7739	65.1	
		7709	62.1	7709	65.1	
		7679	63.1	7679	66.1	
		7619	62.1	7619	66.1	
		7589	63.1	7589	66.1	
		7559	64.3	7559	66.2	
		7529	64.3	7529	66.2	
		7469	64.3	7469	67.3	
		7439	64.3	7439	67.3	
		7409	65.4	7409	68.4	
		7349	65.4	7349	68.4	
		7319	65.4	7319	68.4	
		7289	66.5	7289	69.5	
		7259	67.6	7259	69.5	
		7198	67.6	7198	70.6	
		7168	67.6	7168	70.6	
		7138	68.7	7138	71.7	
		7108	68.7	7108	71.8	
		7048	69.8	7048	72.9	
		7018	70.9	7018	72.9	
		6988	70.9	6988	74.0	
		6958	70.9	6958	75.1	
		6898	73.1	6898	75.1	
		6868	72.0	6868	75.1	
		6838	73.1	6838	77.3	
		6808	74.2	6808	77.3	
		6748	74.2	6748	77.3	
		6718	74.2	6718	77.3	
		6688	75.3	6688	78.4	
		6628	75.3	6628	78.4	
		6598	75.3	6598	79.5	
		6568	76.4	6568	79.6	
		6538	77.5	6538	80.6	
		6478	77.5	6478	80.7	
		6448	77.5	6448	80.7	
		6418	78.6	6418	81.8	
		6388	79.7	6388	81.8	
		6327	79.7	6327	82.9	
		6297	79.7	6297	84.0	
		6267	80.8	6267	84.0	
		6237	81.9	6237	84.0	
		6177	81.9	6177	85.1	
		6147	81.9	6147	85.1	
		6117	81.9	6117	85.2	
		6057	83.0	6057	86.3	
		6027	83.0	6027	86.3	
		5997	84.1	5997	87.3	
		5967	84.1	5967	87.4	
		5907	85.2	5907	87.4	
		5877	85.2	5877	88.5	
		5847	85.2	5847	88.5	
		5787	85.2	5787	88.5	
		5757	85.3	5757	89.6	
		5727	87.4	5727	89.6	
		5697	87.4	5697	89.6	
		5667	87.4	5667	89.7	
		5607	87.4	5607	90.8	
		5577	87.4	5577	91.8	
		5547	88.5	5547	91.8	
		5487	89.6	5487	91.8	
		5457	89.6	5457	92.9	
		5427	89.6	5427	93.0	
		5396	89.7	5396	93.0	
		5336	90.8	5336	93.0	
		5306	91.9	5306	95.2	
		5276	91.9	5276	95.2	
		5246	91.9	5246	95.2	
		5186	93.0	5186	95.2	
		5156	93.0	5156	96.3	
		5126	94.1	5126	97.4	
		5096	94.1	5096	97.4	
		5036	94.1	5036	97.5	
		5006	95.2	5006	98.6	
		4976	96.3	4976	99.6	
		4916	96.3	4916	99.6	
		4886	97.4	4886	99.7	
		4856	97.4	4856	100.8	
		4826	97.4	4826	100.8	
		4766	99.6	4766	101.9	
		4736	99.6	4736	103.0	
		4706	99.6	4706	103.0	
		4676	100.7	4676	104.1	
		4616	101.8	4616	105.2	
		4586	101.8	4586	105.2	
		4556	101.8	4556	105.2	
		4526	101.8	4526	105.3	
		4466	101.8	4466	105.3	
		4436	104.0	4436	106.3	
		4406	104.0	4406	106.4	
		4345	104.0	4345	106.4	
		4315	104.0	4315	107.5	
		4285	104.0	4285	107.5	
		4255	104.0	4255	107.5	
		4195	104.0	4195	107.5	
		4165	105.1	4165	108.6	
		4135	106.2	4135	108.6	
		4105	106.2	4105	108.6	
		4045	106.2	4045	109.7	
		4015	107.3	4015	109.7	
		3985	107.3	3985	109.7	
		3955	107.3	3955	110.8	
		3895	108.4	3895	111.9	
		3865	109.5	3865	112.0	
		3835	109.5	3835	113.1	
		3805	109.5	3805	114.2	
		3745	111.7	3745	114.2	
		3715	111.7	3715	114.2	
		3685	111.7	3685	116.4	
		3625	112.8	3625	116.4	
		3595	113.9	3595	116.4	
		3565	113.9	3565	118.6	
		3535	115.0	3535	118.6	
		3474	116.1	3474	118.6	
		3444	116.1	3444	118.7	
		3414	116.1	3414	119.8	
		3354	117.2	3354	119.8	
		3324	117.2	3324	120.9	
		3294	117.3	3294	120.9	
		3264	118.4	3264	122.0	
		3204	119.5	3204	122.0	
		3174	119.5	3174	122.0	
		3144	119.5	3144	122.1	
		3114	120.6	3114	124.2	
		3054	120.6	3054	124.2	
		3024	120.6	3024	124.2	
		2994	121.7	2994	124.3	
		2964	122.8	2964	125.4	
		2904	122.8	2904	125.4	
		2874	123.9	2874	126.5	
		2844	123.9	2844	127.6	
		2783	123.9	2783	127.6	
		2753	123.9	2753	127.6	
		2723	125.0	2723	127.6	
		2693	123.9	2693	126.5	
		2633	123.9	2633	126.5	
		2603	123.9	2603	126.4	
		2573	122.8	2573	125.4	
		2543	121.7	2543	125.3	
		2483	121.7	2483	124.3	
		2453	120.6	2453	124.3	
		2423	120.6	2423	124.3	
		2393	122.8	2393	126.4	
		2333	122.8	2333	126.4	
		2303	123.9	2303	128.7	
		2273	126.1	2273	128.7	
		2213	126.1	2213	129.8	
		2183	128.3	2183	130.9	
		2153	128.3	2153	130.9	
		2123	128.3	2123	132.0	
		2063	128.3	2063	132.1	
		2033	129.4	2033	132.1	
		2002	129.4	2002	132.1	
		1972	129.4	1972	132.1	
		1912	129.4	1912	132.1	
		1882	129.4	1882	132.1	
		1852	129.4	1852	133.1	
		1822	129.4	1822	132.1	
		1762	128.3	1762	132.1	
		1732	129.4	1732	133.1	
		1702	128.3	1702	132.1	
		1672	128.3	1672	132.1	
