Location (um) - Load	Load (gm) - Load	Location (um) - Top view	Diameter (um) - Top view	Location (um) - Side view	Diameter (um) - Side view	
		21269	129.4	21269	132.0	
		21239	129.4	21239	132.0	
		21209	130.6	21209	132.1	
		21179	128.3	21179	132.1	
		21149	128.3	21149	131.0	
		21119	128.3	21119	131.0	
		21089	128.3	21089	130.9	
		21029	128.3	21029	130.9	
		20999	128.3	20999	128.8	
		20969	126.1	20969	128.8	
		20939	127.2	20939	128.7	
		20879	126.1	20879	128.7	
		20848	125.0	20848	128.7	
		20818	125.0	20818	126.6	
		20788	123.9	20788	126.5	
		20728	123.9	20728	126.4	
		20698	122.8	20698	125.4	
		20668	122.8	20668	124.3	
		20608	121.7	20608	124.2	
		20578	121.7	20578	124.2	
		20548	120.6	20548	123.1	
		20518	119.5	20518	122.0	
		20458	119.5	20458	122.0	
		20428	119.5	20428	120.9	
		20398	118.4	20398	120.9	
		20368	117.3	20368	119.8	
		20308	116.2	20308	119.8	
		20278	116.1	20278	118.7	
		20248	116.1	20248	118.6	
		20188	116.1	20188	117.6	
		20158	114.0	20158	117.5	
		20128	113.9	20128	116.5	
		20098	113.9	20098	116.4	
		20038	113.9	20038	116.4	
		20008	112.8	20008	115.3	
		19978	111.8	19978	114.3	
		19948	111.7	19948	114.2	
		19888	111.7	19888	114.2	
		19858	111.7	19858	114.2	
		19828	110.6	19828	113.1	
		19798	110.6	19798	112.0	
		19738	110.6	19738	112.0	
		19708	108.5	19708	111.9	
		19678	108.4	19678	111.9	
		19618	108.4	19618	111.9	
		19588	107.3	19588	109.8	
		19558	107.3	19558	109.7	
		19528	107.3	19528	109.7	
		19468	106.2	19468	108.6	
		19438	106.2	19438	108.6	
		19408	105.1	19408	107.5	
		19378	105.1	19378	106.4	
		19318	104.0	19318	106.3	
		19288	102.9	19288	106.3	
		19258	102.9	19258	104.2	
		19227	101.8	19227	104.1	
		19167	100.7	19167	103.1	
		19137	99.6	19137	103.0	
		19107	99.6	19107	101.9	
		19077	99.6	19077	101.9	
		19017	97.4	19017	100.8	
		18987	97.4	18987	99.7	
		18957	97.4	18957	99.7	
		18897	96.3	18897	99.6	
		18867	95.2	18867	98.6	
		18837	95.2	18837	97.5	
		18807	95.2	18807	97.4	
		18747	94.1	18747	97.4	
		18717	94.1	18717	97.4	
		18687	94.1	18687	97.4	
		18657	94.1	18657	96.3	
		18597	94.1	18597	96.3	
		18567	93.0	18567	95.3	
		18537	93.0	18537	95.2	
		18477	93.0	18477	95.2	
		18447	91.9	18447	95.2	
		18417	91.9	18417	95.2	
		18387	91.9	18387	95.2	
		18327	91.9	18327	93.0	
		18297	90.7	18297	93.0	
		18267	90.7	18267	92.9	
		18237	88.6	18237	91.9	
		18177	88.5	18177	91.8	
		18147	88.5	18147	90.7	
		18117	87.5	18117	89.6	
		18087	86.4	18087	89.6	
		18027	86.3	18027	88.6	
		17997	86.3	17997	87.4	
		17967	85.2	17967	87.4	
		17907	84.1	17907	87.3	
		17877	84.1	17877	86.3	
		17847	84.1	17847	85.2	
		17817	83.0	17817	85.2	
		17757	83.0	17757	85.1	
		17726	81.9	17726	85.1	
		17696	81.9	17696	85.1	
		17666	81.9	17666	84.1	
		17606	80.8	17606	83.0	
		17576	80.8	17576	82.9	
		17546	80.8	17546	82.9	
		17486	79.7	17486	82.9	
		17456	79.7	17456	82.9	
		17426	79.7	17426	82.9	
		17396	79.7	17396	81.8	
		17336	79.7	17336	81.8	
		17306	79.7	17306	81.8	
		17276	78.6	17276	81.8	
		17246	77.5	17246	80.7	
		17186	77.5	17186	79.6	
		17156	77.5	17156	79.6	
		17126	77.5	17126	79.5	
		17096	76.4	17096	79.5	
		17036	75.3	17036	77.4	
		17006	75.3	17006	77.4	
		16976	75.3	16976	77.3	
		16916	75.3	16916	77.3	
		16886	74.2	16886	77.3	
		16856	73.1	16856	76.2	
		16826	73.1	16826	75.1	
		16766	73.1	16766	75.1	
		16736	73.1	16736	75.1	
		16706	70.9	16706	74.0	
		16676	70.9	16676	72.9	
		16616	70.9	16616	72.9	
		16586	70.9	16586	72.8	
		16556	69.8	16556	72.8	
		16526	69.8	16526	71.8	
		16466	68.7	16466	71.7	
		16436	68.7	16436	71.7	
		16406	68.7	16406	70.7	
		16376	67.6	16376	70.6	
		16316	67.6	16316	69.6	
		16286	67.6	16286	69.5	
		16256	66.5	16256	69.5	
		16195	66.5	16195	68.4	
		16165	65.4	16165	67.4	
		16135	65.4	16135	67.3	
		16105	64.3	16105	67.3	
		16045	64.3	16045	67.2	
		16015	64.3	16015	66.2	
		15985	63.2	15985	65.1	
		15955	62.1	15955	65.0	
		15895	62.0	15895	65.0	
		15865	62.0	15865	62.9	
		15835	60.9	15835	62.8	
		15805	59.9	15805	62.8	
		15745	59.8	15745	62.8	
		15715	58.8	15715	60.6	
		15685	57.7	15685	60.6	
		15655	57.6	15655	60.5	
		15595	56.5	15595	58.5	
		15565	56.5	15565	58.4	
		15535	56.5	15535	58.3	
		15475	56.5	15475	58.3	
		15445	55.4	15445	58.3	
		15415	54.3	15415	57.3	
		15385	54.3	15385	57.2	
		15325	54.3	15325	56.2	
		15295	54.3	15295	56.2	
		15265	54.3	15265	56.1	
		15205	54.3	15205	56.1	
		15175	54.3	15175	56.1	
		15145	53.2	15145	56.1	
		15115	53.2	15115	56.1	
		15055	53.2	15055	56.1	
		15025	53.2	15025	55.0	
		14995	53.2	14995	55.0	
		14965	53.2	14965	55.1	
		14904	53.2	14904	55.1	
		14874	53.2	14874	55.1	
		14844	53.2	14844	55.1	
		14814	54.3	14814	55.1	
		14754	53.2	14754	55.1	
		14724	53.2	14724	55.1	
		14694	54.3	14694	56.1	
		14664	53.2	14664	56.2	
		14604	54.3	14604	57.2	
		14574	53.2	14574	56.2	
		14544	54.3	14544	57.2	
		14484	54.3	14484	57.2	
		14454	53.2	14454	57.2	
		14424	53.2	14424	57.2	
		14394	53.2	14394	57.2	
		14334	53.2	14334	57.2	
		14304	53.2	14304	57.2	
		14274	53.2	14274	56.1	
		14244	53.2	14244	55.1	
		14184	53.2	14184	55.1	
		14154	53.2	14154	55.0	
		14124	53.2	14124	55.0	
		14064	52.1	14064	55.0	
		14034	52.1	14034	55.0	
		14004	52.1	14004	53.9	
		13974	51.0	13974	52.8	
		13914	51.0	13914	52.7	
		13884	49.9	13884	52.7	
		13854	48.8	13854	51.6	
		13824	48.8	13824	50.5	
		13764	48.8	13764	49.4	
		13734	47.7	13734	49.4	
		13704	46.6	13704	49.4	
		13673	45.5	13673	47.2	
		13613	45.5	13613	47.2	
		13583	44.4	13583	46.1	
		13553	43.3	13553	44.9	
		13523	43.3	13523	44.9	
		13463	41.1	13463	43.8	
		13433	41.1	13433	42.7	
		13403	41.1	13403	41.6	
		13343	38.9	13343	40.5	
		13313	38.9	13313	40.4	
		13283	36.7	13283	39.4	
		13253	36.7	13253	38.2	
		13193	36.7	13193	38.2	
		13163	34.5	13163	37.1	
		13133	34.4	13133	36.0	
		13103	33.4	13103	36.0	
		13043	32.2	13043	34.9	
		13013	32.2	13013	33.8	
		12983	31.2	12983	32.7	
		12953	30.0	12953	32.6	
		12893	30.0	12893	31.5	
		12863	30.0	12863	31.5	
		12833	27.8	12833	30.4	
		12803	27.8	12803	30.4	
		12743	27.8	12743	29.3	
		12713	26.7	12713	29.3	
		12683	26.7	12683	29.3	
		12623	26.7	12623	27.2	
		12593	25.6	12593	27.1	
		12563	25.6	12563	27.1	
		12503	24.5	12503	26.0	
		12473	24.5	12473	27.0	
		12443	23.4	12443	27.0	
		12413	23.4	12413	27.0	
		12383	23.4	12383	24.8	
		12323	22.3	12323	24.8	
		12293	22.3	12293	24.8	
		12262	22.3	12262	24.8	
		12202	22.3	12202	23.7	
		12172	22.3	12172	22.6	
		12142	22.3	12142	22.6	
		12112	21.2	12112	22.6	
		12052	21.2	12052	23.7	
		12022	21.2	12022	24.8	
		11992	21.2	11992	7.1	
		11962	20.1	11962	21.7	
		11902	20.1	11902	20.7	
		11872	20.1	11872	20.6	
		11842	20.1	11842	20.5	
		11812	20.1	11812	20.4	
		11752	20.1	11752	20.4	
		11722	20.1	11722	20.4	
		11692	20.1	11692	20.4	
		11632	20.1	11632	20.5	
		11602	20.1	11602	20.5	
		11572	20.1	11572	20.7	
		11542	21.2	11542	21.6	
		11482	21.2	11482	21.6	
		11452	21.2	11452	14.5	
		11422	21.2	11422	1.0	
		11392	21.2	11392	23.7	
		11332	21.2	11332	23.7	
		11302	21.2	11302	23.7	
		11272	21.2	11272	23.7	
		11242	21.2	11242	23.7	
		11182	21.2	11182	22.6	
		11152	21.2	11152	22.7	
		11122	22.3	11122	22.9	
		11092	22.3	11092	22.8	
		11031	22.3	11031	24.8	
		11001	22.3	11001	25.9	
		10971	22.3	10971	25.9	
		10911	22.3	10911	25.9	
		10881	22.3	10881	24.8	
		10851	22.3	10851	23.7	
		10821	23.4	10821	23.7	
		10761	23.4	10761	23.8	
		10731	23.4	10731	23.8	
		10701	23.4	10701	24.8	
		10671	23.4	10671	24.9	
		10611	23.4	10611	25.9	
		10581	23.4	10581	25.9	
		10551	23.4	10551	25.9	
		10491	23.4	10491	25.9	
		10461	23.4	10461	25.9	
		10431	24.5	10431	25.9	
		10401	24.5	10401	26.0	
		10341	24.5	10341	27.0	
		10311	24.5	10311	27.0	
		10281	24.5	10281	27.0	
		10251	24.5	10251	27.1	
		10191	25.6	10191	27.1	
		10161	25.6	10161	27.1	
		10131	25.6	10131	28.2	
		10071	25.6	10071	28.2	
		10041	25.6	10041	28.2	
		10011	25.6	10011	29.3	
		9981	26.7	9981	29.3	
		9921	26.7	9921	29.3	
		9891	26.7	9891	29.3	
		9861	26.7	9861	30.4	
		9830	26.7	9830	30.4	
		9770	27.8	9770	30.4	
		9740	28.9	9740	30.4	
		9710	28.9	9710	30.4	
		9680	28.9	9680	30.4	
		9620	28.9	9620	31.5	
		9590	28.9	9590	31.6	
		9560	28.9	9560	32.6	
		9500	30.0	9500	32.6	
		9470	30.0	9470	32.6	
		9440	30.0	9440	32.6	
		9410	30.0	9410	32.6	
		9380	30.0	9380	32.6	
		9320	30.0	9320	32.6	
		9290	31.1	9290	32.6	
		9260	31.1	9260	32.6	
		9200	31.1	9200	32.7	
		9170	31.1	9170	32.6	
		9140	31.1	9140	32.6	
		9110	31.1	9110	32.7	
		9050	31.1	9050	32.7	
		9020	31.1	9020	32.7	
		8990	31.1	8990	32.7	
		8930	31.1	8930	33.8	
		8900	31.1	8900	33.8	
		8870	31.1	8870	33.8	
		8840	31.1	8840	33.8	
		8780	31.1	8780	33.8	
		8750	31.1	8750	34.9	
		8720	32.2	8720	34.9	
		8690	32.2	8690	34.9	
		8630	32.2	8630	34.9	
		8600	32.2	8600	34.9	
		8570	32.2	8570	34.9	
		8540	32.2	8540	34.9	
		8480	32.3	8480	34.9	
		8450	33.3	8450	34.9	
		8420	33.3	8420	34.9	
		8359	33.3	8359	36.0	
		8329	33.3	8329	36.0	
		8299	33.4	8299	37.1	
		8269	34.4	8269	36.0	
		8239	34.4	8239	36.0	
		8179	34.4	8179	37.1	
		8149	34.4	8149	37.1	
		8119	34.4	8119	37.1	
		8059	34.4	8059	37.1	
		8029	34.5	8029	37.1	
		7999	34.5	7999	38.2	
		7969	35.5	7969	38.2	
		7909	35.5	7909	38.2	
		7879	35.5	7879	38.2	
		7849	35.6	7849	38.2	
		7789	35.6	7789	38.2	
		7759	36.7	7759	38.2	
		7729	36.7	7729	38.3	
		7699	36.7	7699	38.3	
		7639	36.7	7639	38.3	
		7609	36.7	7609	38.3	
		7579	36.7	7579	38.3	
		7549	36.7	7549	39.4	
		7489	36.7	7489	40.4	
		7459	36.7	7459	40.4	
		7429	37.8	7429	40.4	
		7399	37.8	7399	40.4	
		7339	37.8	7339	40.5	
		7309	37.8	7309	40.4	
		7279	37.8	7279	40.5	
		7219	38.9	7219	40.5	
		7189	38.9	7189	40.5	
		7159	38.9	7159	41.6	
		7129	38.9	7129	40.5	
		7069	38.9	7069	41.6	
		7039	38.9	7039	41.6	
		7009	38.9	7009	41.6	
		6979	40.0	6979	41.6	
		6919	40.0	6919	42.7	
		6889	40.0	6889	42.7	
		6859	40.0	6859	42.7	
		6829	40.0	6829	42.7	
		6769	40.0	6769	42.7	
		6739	40.0	6739	42.7	
		6708	41.1	6708	42.8	
		6678	41.1	6678	43.9	
		6618	42.2	6618	44.9	
		6588	42.2	6588	44.9	
		6558	42.2	6558	45.0	
		6528	43.3	6528	45.0	
		6468	44.4	6468	47.1	
		6438	44.4	6438	47.2	
		6408	44.4	6408	47.2	
		6348	44.4	6348	48.3	
		6318	45.5	6318	48.3	
		6288	46.6	6288	48.3	
		6258	46.6	6258	49.4	
		6198	46.6	6198	49.4	
		6168	46.6	6168	50.5	
		6138	47.7	6138	50.5	
		6108	48.8	6108	50.5	
		6048	48.8	6048	50.6	
		6018	48.8	6018	52.7	
		5988	48.8	5988	52.7	
		5928	49.9	5928	52.7	
		5898	51.0	5898	52.8	
		5868	51.0	5868	52.9	
		5838	51.0	5838	55.0	
		5778	51.0	5778	55.0	
		5748	52.1	5748	55.0	
		5718	53.2	5718	55.0	
		5688	53.2	5688	55.0	
		5628	53.2	5628	55.1	
		5598	53.2	5598	57.2	
		5568	53.2	5568	57.2	
		5538	53.2	5538	57.2	
		5478	53.2	5478	57.2	
		5448	54.3	5448	57.2	
		5418	54.3	5418	57.2	
		5358	55.4	5358	57.2	
		5328	55.4	5328	57.2	
		5298	54.3	5298	57.2	
		5268	55.4	5268	57.2	
		5208	55.4	5208	57.2	
		5178	55.4	5178	57.2	
		5148	55.4	5148	57.3	
		5088	55.4	5088	57.3	
		5058	55.4	5058	57.3	
		5028	55.4	5028	58.4	
		4998	55.4	4998	58.4	
		4968	56.5	4968	59.5	
		4908	56.5	4908	59.5	
		4878	56.5	4878	60.5	
		4848	58.7	4848	60.6	
		4818	58.7	4818	61.7	
		4758	58.7	4758	62.8	
		4728	58.8	4728	62.8	
		4698	60.9	4698	62.9	
		4638	60.9	4638	64.0	
		4608	60.9	4608	65.0	
		4578	61.0	4578	65.0	
		4518	62.1	4518	65.1	
		4487	63.1	4487	66.2	
		4457	64.3	4457	67.2	
		4427	64.3	4427	67.3	
		4397	65.4	4397	68.4	
		4337	65.4	4337	68.4	
		4307	66.5	4307	68.4	
		4277	66.5	4277	69.5	
		4217	66.5	4217	70.6	
		4187	67.6	4187	70.6	
		4157	68.7	4157	70.7	
		4127	68.7	4127	71.7	
		4067	68.7	4067	71.8	
		4037	68.7	4037	72.8	
		4007	69.8	4007	72.8	
		3977	69.8	3977	72.9	
		3917	69.8	3917	72.9	
		3887	70.9	3887	72.9	
		3857	70.9	3857	72.9	
		3827	70.9	3827	74.0	
		3767	70.9	3767	74.0	
		3737	72.0	3737	74.0	
		3707	70.9	3707	75.1	
		3647	72.0	3647	75.1	
		3617	73.1	3617	75.1	
		3587	73.1	3587	75.2	
		3557	73.1	3557	76.2	
		3497	73.1	3497	77.3	
		3467	74.2	3467	77.3	
		3437	75.3	3437	77.3	
		3407	75.3	3407	77.4	
		3347	75.3	3347	78.5	
		3317	75.3	3317	79.5	
		3287	75.3	3287	79.5	
		3257	76.4	3257	79.5	
		3197	76.4	3197	79.5	
		3167	76.4	3167	79.6	
		3137	77.5	3137	79.6	
		3107	76.4	3107	80.7	
		3047	78.6	3047	81.8	
		3017	78.6	3017	81.8	
		2987	78.6	2987	81.8	
		2927	79.7	2927	82.9	
		2897	79.7	2897	82.9	
		2867	79.7	2867	84.0	
		2837	80.8	2837	84.0	
		2777	80.8	2777	84.0	
		2747	80.8	2747	84.1	
		2717	81.9	2717	85.1	
		2657	81.9	2657	85.1	
		2626	81.9	2626	85.2	
		2596	83.0	2596	85.2	
		2566	83.0	2566	87.3	
		2506	84.1	2506	87.3	
		2476	84.1	2476	87.4	
		2446	84.1	2446	87.4	
		2416	85.2	2416	88.5	
		2356	85.2	2356	89.6	
		2326	86.3	2326	89.6	
		2296	87.4	2296	89.6	
		2266	87.4	2266	90.7	
		2206	87.4	2206	90.8	
		2176	87.5	2176	91.8	
		2146	89.6	2146	91.9	
		2116	89.6	2116	93.0	
		2056	89.6	2056	93.0	
		2026	89.7	2026	94.1	
		1996	90.8	1996	94.1	
		1966	91.9	1966	94.1	
		1906	91.9	1906	95.2	
		1876	91.9	1876	95.2	
		1846	93.0	1846	96.3	
		1786	94.1	1786	96.3	
		1756	94.1	1756	97.4	
		1726	94.1	1726	97.4	
		1696	95.2	1696	98.5	
		1636	95.2	1636	98.6	
		1606	96.3	1606	99.6	
		1576	96.3	1576	99.7	
		1516	97.4	1516	99.7	
		1486	97.4	1486	100.8	
		1456	97.4	1456	100.8	
		1425	98.5	1425	101.9	
		1395	98.5	1395	101.9	
		1335	99.6	1335	101.9	
		1305	99.6	1305	103.1	
		1275	100.7	1275	104.1	
		1215	100.7	1215	104.1	
		1185	100.7	1185	104.2	
		1155	102.9	1155	106.3	
		1125	102.9	1125	106.3	
		1065	102.9	1065	106.4	
		1035	104.0	1035	107.5	
		1005	105.1	1005	107.5	
		945	105.1	945	108.6	
		915	105.1	915	108.6	
		885	106.2	885	109.7	
		855	107.3	855	109.7	
		795	107.3	795	110.8	
		765	107.3	765	110.8	
		735	107.3	735	110.8	
		705	108.4	705	111.9	
		645	108.4	645	111.9	
		615	108.4	615	111.9	
		585	109.5	585	112.0	
		555	109.5	555	112.0	
		495	110.6	495	114.2	
		465	110.6	465	114.2	
		435	110.6	435	114.2	
		405	110.6	405	115.3	
		345	111.7	345	115.3	
		314	112.8	314	115.3	
		284	112.8	284	115.4	
		224	113.9	224	116.5	
		194	113.9	194	117.5	
		164	113.9	164	118.6	
		134	115.0	134	118.6	
		74	116.1	74	118.7	
		44	116.1	44	118.7	
		14	116.2	14	119.8	
